number of jobs, number of machines, initial seed, upper bound and lower bound :
         100          20   450926852        6286        5851
processing times :
 12 72 29 16 22 61 69 71 86 16 54 53 64 96 79 68 98 87 40 74 22 23 47 55 21 90 68 14 42 41 40 63 23 75  4 31 87 25 47 70  1 49 59 11 93 38  5 43 82 33 26 89 86 10 16 72 96 47  9 56  8 69 87 84 62 52 82 66 67 33  3 53 95 42 59 77 38 12  1 66 24 17 58 71 88 63 60 86  8  8 44 99 80 76 94 75 63 57 76 34
 27 97 53 16 36 28 50 41 42 86  2 45 86 43 92 73 99 84 83 61  7  8 62  3 21 50 71 95 70 60  4 58 16 30 80 71 59 75 52 25 86 48 53 54 98 36  9 78 80 88 52 30 62  8 45 77 90 52 39 95 86 15 98 59 22 43 85 93  6 46 51 97 79 46 71 18 33 13  3 32 28 48  8 42 26 26 95 44 74 82 28  4 42 81 56 38 50 12 43 51
 24 57 68 58 76 70 72 56 56 55 89 23 42 26 87 17 38 24 82 55 47  7 99 89 20 65  3 45 89 96 16 42 70 69 77 46 20 71 91  8 34 72 40 82 60 59 59 43 72 10 63 67 12 41  5 25 67 95 46 37 41  2 25 99 48 24 18 10 23 66 82 84 14 13 88  7 40 20 68 22 92 53 16 10 23 88 65 11 89 78 94 32 64 42 74 87 63 94 87 72
 42 16 44 75 32 66 31  6  6 52  7 92 45 70 72 48 86 63 61 92 73 49 53 20 97 58 59 29 98 61 83  8 83 73  2 56  7 15 55  3 73 13 47 76 15 43 44 13 16 18 16 18  3 11 98  9 28 44 14 39 76 92 59 95 11 55 56 16 56 23 84 22 32 40 47 92 61 51 74 85  6 13 32  8 43 30 53 24  2 11 33 27 35 40 40 96 69 23 32 13
  5 42 47 47 47 78 94 18 14 97 54 73 94 17 97  7 94 94 68  4 60 70 68 22 17 59 98 55 76  3 21 10 11 44 29 43 60 14 46  3 60 72 90  1 42 74 54 41 15 38 24 91 49 23 63 88  1 30 85 22 94 39 70 85  7 65 43  4 60 90 73 21 25 33 48 25 27 37 63 28 88 27 94 20 54 17 74 35 15 53 64 38 79 45 67 93 16 59 47 95
 27 69 38 66 21 65  3  7 10 11 41 64  9 15 71 86  2 26 57 78 84 20 21  3 39 64 51 83 12 16  3  1 88 80 77  2 14 60 45 39 32 97 98 65 86  6 14 99 93 54 54 92 57 39 13 70 73 16 43  9  2 76 38 66 21 32 78 41 52 88 76 14 86 35 81 32 75 38 55 96 19 35 41 77 36 24 52 60 43 30 86  6  8 31 80 82  2 59 47 21
 51  9 22 15 84 38 71 11 45 48 29 31 14 56 59 35  7 20 48 88 54 30 81  2  1 78  8  8 71 60 41 39  8 96  3 79 48 23 38 85 32 69 56 99 51 59 47 79 67 83 58 49 50 19 64  5  5 52 15 26 67 11 77 74 88 83 96 73 59 94 15 50 20 54 16 33  9 74 11 21 97 15 43  2  1 74 37 61  3 75 41 86 51 65 42 50 48 88 52 46
 48 44 73 95 72 12 30 22 25 92  5 44 90 35 24 64 82  7 34 91 59  5 47 96  7 53 60 77 61 14 88 97 92 65 73 19 99 92 19 66 25 79 36 10 23 37 76 83 58 99 29 35 49 89 79 82 92 45 42 21 51 30 70  2 20 82 13 92 91  2 80 38 54 45 19 65 35 66 26 18 32 51 23 18 87 74 10 76 31 31 93 61 26 39 83 11 57 81 40 97
 42 18 31 18 55 82 64 36 48 74 17 60 18 88 37 29 19 51 20  7 43 77 95 92 27 70 91 74 62 80 85  8 39 85 83 76 31 12 69 26 54 91 61 27 88 53 47 39 14 78 90 90 50 64 94 79 10 18  7 26 51 23 43 95 57 30 86 80 55 76 12 91 95 28 12 18 80 32 67  2  4 30 64 69 76 92 50 35 20 23 52 25 82 18  2 29 70  7 36 96
 31 49 78 23 37 34 43  7 69 97 15 38 80 78 89 95  1 18 11 11 92 99 81 79 53 47 48 32 58 33 65 86 60 47 89 40 72 54 29 57 93 65 39  8 87 57  5 56 80  2 17 84 86 65 53  5 16 58 60 78 25 71 93 99  6 62 60 33 57 79  7 69 82 26 41 52 38 21 84 74 76 16 75 75 36 79 71 82 70 22 39  8 22 79 90 55 77  3 20 61
 48 92 43 35  7 51 85 66 87 71 16 40 22 12  2 90 63 52 15  6 18 87 66  7 43 27 78 80 73 86 82 33 92  8 87 64  7 26 79 49 71 72 69 30 28 46 75 78 34  4 23 69 33 11  5 54 42 12 40 30 51 94 24 28 84 69 44 98 36 21  9 48 30 15 21 43 91 49 86 36 41 10 75 56 70 73 57 51 34 62  3 34 27 29 25 97 30 28 48 99
 51 84 28 63 86 99 27 24 36 83 24 54 34 49 43  5 70 56 71 12 30 77 55 92 78 79 52 19 16 21 37 85 56 29 56 23 19 52 39  4 46 59 22 76 34 63 32 72 92 72 26 46 30 49  3 81  4 46 95 20 56 57 85 31 44  1 11 72  6 68 62 18 21 48 32 42 79 74 82  3 64 90 10 72  2 49 88 53 59 88 97 98 94 95 93 95  6  1 15 66
  8 37 33  4  8 38 97 75 76 93 69 10 25 40 88 90 57 39 29 97 51 97  5 75 91 80 81 60 97 14  2 55 97 60  8 30 87 42 16 56 86  4 30 15 24 23 57 81 77 43 82 97  3 46 86 62 26 56 67 87 46 66 53 34 52 81 68 48  4 25 76 46 13 72 72 82 32 25 58 17 99 54 81 73 93 73 79 54 72 37 68 22 94 37 15 31 46 33 82 75
  1 77 92 57 46 75  2 14 14 79 64  8 73 15 71  6 54 59 49 38 21 60  8 35 81 96 61 89 58 32 59 89 99  7 79 38  1 67 63 42  3 29 23 21 25 48 33 92  2 12 32 38 67 93 80 75 59 51  7 65  6 59 30 67 41 32 63  7  8 89 51 81  9 13 27 74 59 98 31 98 48 74 76 75 78 11 71 54 10 96 97 75 41 30 73 84 22  8 98 68
  1 59 53 22 10 48 94 46 57 55 66 69  7 13 64 83 39 46 59 36 69 47 83 25 12 28 30 49 81 56 96 89 73 52 12 98 12 40 70 35 58 95 41 71 90  3 68  5 18 26  2 21 86  8 33 88 33 65  8 89 46 76 57 51 58 62 59 71 12 11 82 56 57 53 45 96 31 39 12 13  8 49  4 33 22 30 34 19 24 56 96 35 43  8  5 65 64 20 54 38
 28 81 96 99 79 97 15  6 77 98  5 51 51 60 17 98 46 87 44 18 71 93 97 44 18 59  9 45 78 67 65 50 87 29 80 14 70 10 30 19 51  4 23  9 62 30 20 69 88 22 43 63 67 22 82 41 69 81 21 54 42 53 52 26 69 80 46 10 81 99  6 90 79 34 56 75 54 94 84 55 64 14 18  6 27 20 54 30 58 35 66 85 78 15 29 31 45 41 84 51
  4 40  5 37 80 46 14 81 16 10 79 35 41 83 13 93 55 48 35 75 66 82  3 79 78 48 99 91 29 87 27  2 48 33 92 15 55 24 59 41 49 88 67 49 81 89 43 24 70 74 44 23 89 96 80 44 69  7 10 15 55 27 55  2 82 42 88 84 38 69 31  5  3 37 14 35 61 43 38 48 89 86 37 20 33  1  8 61 41 40 10 10 75  9 81 40 13 10 53 28
 44  6 18 51 77 47 27 17 42 84  3 69  3  6 94 58 65 36 28 68 73 81 12 89 53 14 88 78 63 81 29 15 81 84 36  8 60 24 57 87 61 57 85 45 69 15  7 87 58 61 82 73 84 63 14 73 84  9 38 67 76 18 70 69  4 58 66 11  1 51 38 16 81 39 56 83 27 29 93 70 64 22 84 25 73 81 10 46 32 38 68 40 33 79 64 36 62 82 44 99
  6 49 84 72 39 51 77 59 97  5 83 51  9  9 59 30 86 49 46 13 45 51 68 82  6 99 12  8 36 24 82 73 66 69 71 70 61 42 77 10  2  6 24 97 15 91 32 68 17  1 49 25 46 37 56 50  9 62 10 89 66 98 10 70 92 36 82 54 34 34  5 12  3 56 44 41 14 25 78 25 89 83 78 23 51  7 20 30 30 30 63 82 40 39 37 44  2 27 71 45
 57 88 88 43 25 81  3  3 78 97 74 71 50 70 23 43 51 97 57 77 90 58 75  4 12  2  4 28 54 39 30 71 89 33 85  2 69 20 64 94  3 41 37 36 74 53 49 77 13 37 34 31 15 32 45 50 81 46 93 13 47 50 70 21 41 12 18 28 22 60 69 49 38 80 52 45 34  3 61 96 99 49 78 34 78 79 64 55 63 24 58 25 93 73 45 93 37 64 92 59
number of jobs, number of machines, initial seed, upper bound and lower bound :
         100          20  1462772409        6241        6099
processing times :
 20 24 40 36 31 46 59 28 99  7 74 84 13 40 68 85 35 39 11 79 58 89 71 81 84 36 79 77 36  1 18 64 79  6 54 67 97 73 84 48 80 13 33 57 10 11 21 72  5 16 72 75 15  5 25 67 37 73 13 31 19 14 41 89  2 48 97 22  8 41 25 26 50 99 24 22 88 51 78 28 50 47 62 41 53 96 36 48 35 54 10 80 96 90 11 65 44 27 11 51
 70 33 54  8 19 76 29 91 62 57 31 61 69 40 16 47 84 88 20  6 94 40 52 79 65 81  2 85 32 82 63 88 25 47 58 42 96 66 31 39  7 64 92 47 64 16 72 99  6 15 26 33 76 72 56 86 84 38 55 78 84 30 88 71 43 24 31 28 81 46 21 37 72 65 35 29 31 16 28 82 17 17 34 94 86 41 66 70 81  1 60 35  9 88 36 95 25 42 33 27
  3 21 75 41 50 39 32 87  9 72 56 38 79 36 89  1 62 73 45 54 81 70  7 56 61  6 67 87  9 58 71  4 34 94 34  2 69 33 85 63 48 60 16 57 49 83 90 62 25 12 72 86 63 53 49 30 29 53 92 58 84 27 82 13 96 58 81 48  1 40 74 68 70 71 28 23 47 71 23 34 53 34 79 62 53 64 44 62 10 85 12 68 27 27 34 14 35 16 75 59
 28 70 36 45  3 31 87 92  4 68 93 87 67 22  9 50 81 60 21  2 93 99 97 28  9 14 44 87 71 84  3 35 99 27 53 10 12 75 22 32 85 43 31 31 57 91 22 10 62 40 26 11 93 59 75 83 60 69 65 34 25 53 40 97  3  3 88 35 53 38 57 37 53 31  3 85 26 67  8 60 72 42 49 62 84 82 58 94 54 32 83 78 88 45 99 34 73 92  4 19
 91 97 41 72 75 40 67 11 53 21 84 85 18 57 26 80 16 22 92 36 93 34 13 78 35 85 86 47 88 50 41 30 90 96 38 56 55  3 99 23 44 89  9 65 53 43 33  1  7  5 92 69 98 71 59 96 77 82 14 82 11 96 78 14 42  2 82 32 10  8 70 45 93 74 45  9 98 49  4 75 53 28 51 93 92 59 68 96 38 89 23 70 39 64 12 60 33 74 17 17
 39 85 18 90 31 14 93 48 45 31 76 38 60 87  8 58 79 61 18 94 99 93 28  7 74 62 57  7 73 92 15 88 10 81 18 50 33 90 71 82 98 20 42 70 51 50  5 64 80 50 57 84  6 95 21  8  9 10 31 78 58 26 79 35 16 53 72 30 33 38 23 49 54 56 60 91  3 67  2 49 85 30 25 12 22 30 12 53 51 50 31 65 37 81 18 35 37 58 94 75
 94  7 77 96 40 14 21 41 95 38 33 53 24  8 52 99 79 59 91 98 49  4 27  2 29 70  6 64 57 50 84 66 84 47 78 76 32 97 14 57 55 68 10 36 90  3 66 16 57 54 80  9 26 56 76 80 77 29 21 72 33 52  2 40  6 59 22 50 35 77 99 22 36 78 10  2 78 90 58 63 65 45 89 51 11 64 38 83 26  2 21 21 64 60 31 48 25 21 43 14
 10 64 76  5  8 70 85 75  8 24 84 14 93 23 11 73  7 33 73  8 75 73 74 65 45 46 34 51 14 24 61 21 68 11 28 70 80  1 80 69 52 19 65 63 70 57 28  2 25 12 58 45  3 24 36 50 55 36  2 43 35 23  9 26 95  8 67 90 33 97 94 30 45 45 28 39 91 85 93 60 53 59 49 40 48 45 77 22 83 73 87  4 72 77  1 35 38 59  6 47
 99 53 70 92 77 27 84 48 17 37 27 38 28  5 69 35 87 76 30 96 59 26 81 58 55 11 99 23 51 59 49 27  1 60 71 12 15  9 60 91 66 35 42 27 52 33 74 73 10 63 26  5 56 30 53 59 88 24 23 45 55 99 32 54 41 59 31 55 49 37 72 91 81 74 87 17 69 66 58 27 32 27 33 28 69 44 29 48 87 24 36 37 91 62  7 34 31  6 75  4
 75 65 18 24 52 62 80 58 85 90 61 72  9 12 95 15 30 86 73 97 57 20 78 64 55 46  8 53 17 26 55 66 31 35  1 53 41 74 69  4 67 97 13 60  1 35  7 77 54 62 82 69 59 20 56 77 23 80 12  3 97 76 45 38 89 36 60 59 18 74 24 95 17 74 79 61 91 59 42  6  5 87 87 10 55 58 13 53  5 49 97  5 88 62 71 96 47 15 78 45
 47 12 19 32 63 78 77 51 59 54 48 96 52 42 57 30 34 77 80  7 11  2 91 99  5 43 39 64  8 26 71 32 73 26 91 92 55 51 11 22 75 49 95 88  6 19 99 73 27 50 25 33 94 35 63 44 80  7 72 95 40 48 41 15 18 31 68 99 79 78 95 37 37 50 79 30  2 30 78 99 42 99 16 58 35 84 84 35 20  4  9 44 35  5 68 43 69  9 78 57
 94 93 53 63 41 81 74 37 52 24 45 19 72 62 78 83 98 83 58 61 47 16 28 48 63 74 45 36 29 38 66 62 96 22 95 81 92 20 51 71 30 23 77 20  1 96 32 13  8 36 18 64 58  1 72 10 20  6 40 91 56 39 68 50 93 71 79 57  5 95 41 12 84 81 88 32 94 37 31 25 92 74 49 10 76 11 44 32 89 56 69 76 65 47 53 39 41 89 39 20
 56 31 66 73 96 31 41 79 66 49 39 28 24 85 64 37 85 40 35 77 30 26 41  6 19 83 52 54 71 86 45 78 61  5 87 43 44 42 30 12  7 18 80 53  6 81 29 22 49  1 79 56 15 36 48 31 57 49 20 67 20 34 78 27 40 46 23 28 84 33 87 76 18  3 77 50 96 75 91 12 34 51 54 37 82 69 49 19 69 48 96 13  4 28 74  7 24 98 30 97
 59 94 87 22 59 30  2 55 36 73 98 15 54 55  3 54 89 50 68  9 81 42 11 12 55 75 10 91 87  5 44 56 18 89 51 94 11 56 37 85 55 33  9 20 26 80 98 88 55 78 53 46  3 56 46 34 27 21 81 14 52 50 80 48 22 10 56 18 67 63 47 43 71  4 29 99  6 19 56 96 44 94 83 30 65 61 21 76  8 99 68 42 38 44  7  3 61 10 84 78
 74 26 84 41  3 46 39 90 62 63 74  4 37 75 72 30 43 95 41 97 70 92 36 70 37 36 42 34 29 80 91 56 71 14 31 75 80 73 32 56 84 20 64 44 69 63 94 86 66 97 25 90 12 62 83 32 12 38 22 92 63 61 46  6 83 49 78 84 97 56 76  9 38 21 80 47 24 95 80 65 72 91 21 70 12 67 65 90 47 82 62  3 84 30 91  5 11 41 14 28
 78 58 53 17 36  3 83 91 73 81 74  2 31 37 78 74 51 41 78 26 33 70 10 45 70  2 92 50 54 64 44  4 99 43 43 11 60 53 45 63 87 20 71 95 71 99 79 19 41 74  8 55 87 87 37 52 36  6 42 30  3 86  3 89 57 27 28 88 48 26 58  6 33  3 25 61 93 69 53 47 28 36 39 63 66 44 18 67 17 84  9 33 80 27 42 60 96 81 31 88
 17 60 51 61 26 60 80 45 20 62 55 25 68 56  5 14 20 19 92 88 23 78 35 94 31 67 10 15 32 94 15 53 42 45 39 84 64 27 10 22 14  8 70 91 23 35  6 52 93 26 89 49 89 60  6 60 24 70 42 86 64 47 19 17 30 79 53 71 77 95 73 97 32 25 85 79 17 31 78 31 21  5 34 96 95 63  4 60 35  6 75 41 61 11 74 52 60 43 50 66
 74 71 89 81 59 62 64 62 67 68 87 47 60 10 76 46 56 48 61 13 13 38 37 11 12 63 97 26 27 89 74 80 83 49 79 49 44 30 30 53 46 26 31  1 43 27 91 70 89 68  2 82 72 29 12 37 46 50 93 77  6 77  7 63 21 85 67 77 95 52 97 79 21 20  7 54 71 79 22 77 59 11 69 85  7 85 42 44 74 69 68 64 37  4 89 96 92 74 33 90
 12  5 15 16 64  6 65 53 19 93 21 38 54 46 33 38 32 12 90 46  8 78 95 28 47 10 16 45 18  4 98 35 85 77  4 33 87 47  5 81 25 31 83 45 23 30 89 40 92 48 63 63 76 90  1 24  1 77 91 78 93 32 97 85 91 40 67 84 31  5 89 59 69 68 46  4 90 76 97 33 23 46 36 70 98 45 49 50 52 67  6 58 71 53 36 80  8 27 21 66
 98 97 69 24 10  7 79 84 50 86 24 28 73 72 19 20  8 20 45 59 51 54 58 16 38 94 72 69 14 83 86 58 61 77 63 67  1 59 18 26 45 82 78 43 61  2 70 52 99 60 97  1 76  8 15 69  5 31 39 34  9 81 34 16 14 13 36 73  6 43 29 68 59 76 86 43 12 18 55 21  9 47 17 49 28 12 84 12 62 15  7 26 58 30  5  7 40 50 30 64
number of jobs, number of machines, initial seed, upper bound and lower bound :
         100          20  1021685265        6329        6099
processing times :
  9 93 84 58 14 31 19 16 41  9 67 74 85 90 77 40 33 42 74 16 45 62 44 68 76 76 78 29 15 30 93 16 38 27 32 31 88 79 86 61 30 55  8 90 70 58 35 11 66 63 26 92 29 98 59 18 39  1 27  4 38 42 69  4 68 30 39 75 87 45 83 30 55 37 31 74 49 18 76 46 78 99 58 84 89 74  1 86 95 58 17 18 70 49 21 43 26 67 66 89
 66 63 88 45 52 89 83 80 58 52 21 34 96 69 81 65 61 82 75 61 22 52 10 50 30 84 86 16 54 54 70 37 18 96 80 80 21 58 70 71 62  4  1  4 69 70 77 28 47 78 64 58 47 17 67 84 59 51 47 61 51 97 65  7 71 75 47 83  1 46 54 76 54 59 37 47 55 76 75 23 41 28 78 58 51 40 16 21 88 59  3 39 73 34 45 20 66 35 96 24
 79  2 54 78 71 65 95 21 18 54  1 87 29 19 38 44 46 25 48 66 81 42 48 34 73 32 68 60 63 49 19 54 14 40 83 66 27 89 69 34 27  3 97 40 57  3 45 42  1 63 14 29 53  5 71 44 57 77 43 59 25 52 19 34 16 38 61 53 36 87  3 56  1  4  4 98 90 23 78 64 90 18 19 67 82 16 53 18 17 25 71 12 24 32 44 39 40 47 53 75
 83 35 53  1 35 67 26 13 52 31 11 37 13 73 37 56 55 81 61 75 34  2 29  2 60 17 55  3 94 70 35 71 62 92 39 47 10 72  5 40  1 15 67 10 31 40  7 54 86  4  2 89 36 33 98 70 91 64 41 19 24 84 50 51 60  3 56 79  8 34 93 79 72  7 90  2 76  1  7 57 19  2 11 84  9 88 50 52 49 10 23 30 75 43 88 66 23 34  1 82
 44 40 27 41  9 77 98 64 14  2 19  9 19 28 69 90 71 83  2 16  9 60  1 44 25 86 45 68  1 56 64  7 68 96 30 62 32 25 27 97 54 28 65  7 71 74  8 46 76 45 11 92 54 31 51 48 27 55 39 71 18 48  8 35 62 52 65 95 55  7 37 91 91 73 56 22 98 96 82 84 31 44 19 60 19 56  6 45 24 10  6 44 57 43  1 42 20 83 57 34
 67 64 92 35 55 99 23 52 30  6 81 91 89 45 33 55 74 46 50 29  2 80 12 63 96 88 47 21 30 44 64 51 95 57 96 62 11  8 92  1 51 32 96 88 15  5 56 68 10 89 43  4 51 84 35 53 82 41 62 78 72 32 17  9 67 74 27 55 76  1 41 73 89  2 45 99 37 74 95 78 48 95 11 28 21  8 88 29 60  2 47 15  1 64 55 32 49 20 33 68
 84  1 47 60 31 76 12 75 90 72  8 86 86 70 46 52 31 36 10 19 85 49 61 10 26 38 97 71 34 74 12 77 16 55 90 61 43 42 81  1  8 51 16 14 25 92 98 28 97 38 95 78 48 66 18 19 25 79 90 26 48 81 95 37  6 86 83 67 74 91 99 55 79 46 10 52 22 39  8 13 32  4  7 47 34  1 12 93 62 11 81 26 31 41  5 40 11 56 67 49
 92  8 79  5 72 77 60 21 23 51 16 73 59 20 83  9 60 68 14 67 86 35 58 13 55 57 14 79 72 27 42 59 58 36 63  1 45 10  8 66 62 95 88 69 38 30 60 33 87 91 48 46 18 31 22  2 96 56 17 49 87 35 69 66 69 30 30 77 98 55 78 45 84 47 58 24 56 50 53 12 43 73  3 32 91 25 44 55 97 10 42 73 74 16 47 68  9 92  4 48
 35  3  9 71 99 89 92 60 44 59  8 51 60 35  5 81 67 70 79  7 51  1 38 91  3 88 88  6 68 26 38 93 89 85 82 99 47 60  4 41 86 12 19 80 37 55 59 55 26 40 22 72 90 39 60 14 92 47 90 43 15  8 24 93 40 68 68 67 41 72 72 73 44 34 24 19 27 31 80  4 94  3 31 38 44 87 77  2 66 20 79 89 90 84 40  8 65 80 50 89
 29 98 45 66 64 86 75 64 83 12 69  7 27 20 92 28 36  2 86 71 34 74 86 68 94 78 38 77 69 56 12 64 99 41 25 58 20 86 58 13 20 11 33 55  5 71 62 50 93 74  6 39 90  5 81 28 33 78 95 82 38 41  4 94 44 10 28 33 66 16 45 51 89 69 23  9  8 43 64 15 15 26 48  9 11 56 75 75 63 17 93 38 22 22 17 24 93 17 48 27
 18 77 73 91 96 10 58 70 42 21 11 88 91 78 70 53 51 96 27 47 30 37 63 61 73 80  5 82 49 11 79 78 57 47 91 92 94 33 52 12 37 47 39  4 50 90 58 46 14 84 97 49 33 48 68 36 66  6 54 16  7 35 64 18  8 61 41 65 71 34 35 92 70 65 76 71 81 32 27 95 49 51 65 17 91 23 17 19 28 70 67 40 81 54 52 38  6  8 31 98
 14 17 31 37 85 84  7 54 40 95 97 44  4 46 10 63 76 23 95 73 78 46 40 34 92 42 56  4 63 93 72 63 62 30 91 96 53 19 40 14 16 66 54 54 64 86 31 99 10  2 74 29 77 14 30 14 48  1  4 71 54 30 42 43 33 32 12 68  8 82 27 59 20 60 76 44 29 68 24 46 94 79 68 49 85 87 17 99 76 81 52 24 57  8 36 67 57 66  5 69
 75 43 70 11 64 88 94  9 29 58 90 78 63 34 71 49 69 97 10 43 22 16 31 22 62 14 11 46 85 59 73 22 70 52 70 45 45 37  2 90  2 40 70 93 44 71 83 13  3 99 27 98 62 17 35 71 94 58 77 29 61 41 47  2 16 41 59 27 18 33  1 99  3 15 45 82 20 11 90 65 73 71 26 97 50 43  7 78 27 50 70 65 96 27 66 18 96 66 82 23
 69 28 95 38 89 19  6 52 70  4 81  1 36 30 13 90 30 66 28 36 38 48 97 56 92 93 81 24 38 39 33  7 75 43 92 44 35  2 96 28 13 67 61 71 20 54 53 75 58 74 65 21 60 72  4 85 47 80 71 26 73 36 38 13 66 82  2 76 29 90 36 32 84 78 94 45 14 72  3 18 58 87 30 73 71  5 77 60  6 61 23 29  2 67 69 38 37 80 51 34
 89 41 16  7 84 53 56 71 40 17 33  3 51 76  2 63 84 55  3 82 46 58 24 57 59 86 39 55 69 36 98 82 44 70 67 74 61 38 87 35 37 98 26 49 12 52 49 92 43 75 83  3 99 87 60 92 75 53 30 59 95 85 63 21 78 72 87 52 39 93 22 82 21 65 81 59 73 74 33 53 47 69 11 31 69 67  3 21 29 28 45  2 53 36  5 79 76 32 87  4
 44  8 16 93 93 64 65  1 40 74 59 21 79  9  2 70 88  3 95 77 76 94 90 67 27 18 49  3 79 12  6 72 46  7 56 33 59 86 33 28 84 59 54 99 30 14 65 34  6 91 89 80 34 35 91 44 52 73 93 98 30 20 58 34 14 46 61 73 87 41  9 57 82 17 19 32 47 89  2 94 17 98 13 84 12 66 90 86 83 75 67 33 40 56 21 43  1 92  4 44
 52 89 39 71 72 71 68 42 94 83 14 76 90 14 83  3  1 12 51 46  2 92 23 69 65 30 48 70 15 62 48 19 49  5 22 45 15 29 65 72 45 53  8 11 21 46 95 42 66 23 39 86  4 95  8 41 85 66 68 37 51 46 93 59 14 25 71 15 89 94 61  5 45 52  9 70 50 44 79 64 47  4 59 45 91 35 71 63 94 86  3 77 37 84 50 97 21 42  6 19
 96 51 53 95 76 95 50 52 27 97 96 88 92 33 23 38 37 11  6 55 40  1 69 96 76 46 66  8 84 62 95 30 20 90 66 76 46 38 41 83 43 37 93 80 68 92 94 21 68 53 76 40  4 89 52 54 87 86 20 15 61 25 85 58  6 40 98 93 78 55 75 97 52 27 32 81 73 29 34 35 78 29 45 25 54 74 77 85 64  2 27 81 17 31 37 20 69 59 39 13
 32 78 84 27 32 84 74 72 85 60 55 60  8 34 54 47 60  8 39 42 10 62 52 65 32 61  9 25 15 56  3 13 59 95 93 49 67 17 39 91 60 90 94 53 25 12 63 75 63  7 80 16 39 37  7  1 38 48 38 39 83 27 14 46 46 59 12 20  7 85 74 49 48  6 73 57 44 41 35 68 61  1 16 37 70 26 76 87 42 26 22  2 81 55 12 47 26 91 37 41
 11 82 26 57 33 21 37 67 22 33 47  3 55 19 61 38 63 42 20 62 45 78 57 31 33 71 73 87 46 21 52 95 66 24 27 63 48 43 87 44 87 58 24 50 33 62 56 86 58 42 84 35 91 49 52 86 45 62  3 50 83 57  8 88 10 88 50 22 49 44  6 26 34 40 26 49 93 77 38 15 50 15 22 88 42 63 56 61 64 63 30  4 21 95 20 30 86 95 82 10
number of jobs, number of machines, initial seed, upper bound and lower bound :
         100          20    83696007        6306        6072
processing times :
  4 64 34 65 43 59 53 10 74 16 56 31 43 60 38  9 55 45 98 38  5 74 23 38 99 66 14  5  9 90 60 47 59 27 56  9  1 33 95 94 30 63 96 24 20 17 78  3 29  7 30 15 66 83 23 81 30 84 64 38 55 73 80 28 12  9 54  1 30 12 51 91 30  3 57  2 80 45  2 14 56 36 24 71  2 31 11 70 63 22 18 12 65 38 54 58  6 37 30 65
 30 35 65 75 28  5 35 26 64 53 85 94 64 48 66 31 68 28 46  3 85 54 62 86 23 61 93 40 25 28 67 35 20 48 15 53 95 28 72 32 36 82 11 19 29  6 58 93 49 14 38 63 23 95 94 72 73 71 78  9 54 52 47 44 38 48 47 30 18 69 25 27 77 15 64 91 87 63 10 64 26 14 82 13 79 27 55 47 47 85 15 47 53 60 56  3 78 66 58 27
 33 59 66 38 13 96 61 42 76 82 92 55 71 96 89 86 10 99 96 96 59 56 80 84 54  9 71 89 51 93 93 64 31 61 19 70 29 84 22 57 90 77 25 12 57 14 47 60 64 52 68 78 75 42 65  6  5 56 76 12 42 55 31 55 56 81 34 43  8 44 27 13 44 93 73 44 25 48 85 96 96 99 24 22 94 86 45 13 19 57 21 92 12 62 69 69 91 27 25 81
 26  8 34 89 10 78 86 70 21 55 48 45 87 21 35 73 10 62 29 84 79 55 36 39  7 53 30 16 53 82 25 97 12  6 67 40 92  3 66  5  6 10 21 70 52 89 64  9 55 76 14 28 65 89 47  2 42 80  9  4 63 91 71 34 75 12 38  8  7 38 59 90 78 52 99  5  4 73 87 21 64 20 79 70 81 41 78 14 17 19 59 13 46 15 62 69 51 76 91 38
 17 65 14 84  4 68 26 73 20 64 24 25 58 43 67  6 64  9 27 60 10 49 26 99 71 16 94 78 67 80 89 39 70 54 80 11 47 45 32 37 20 82 47 26 55 80 63 42  4 80 63 96 74 64 44 67 35 64 58 35 98 29  7 35 79 70 10 84  5 23 62 75  1 75 93 65 93 85 55  2 53 63 61  9 72 27 98 40  9 50 90 46 75 92  5 49  9 34 95 79
 71 72 43 28 28 25 66 45 81 56 34 28 44  1 65 66 53 48 65 14 51  8 12 63  8 46 24 93 27  4 63 21  4 92 96 87 10 82 57 47 80 95 42 47 24 88 59 44 58 98 15  2 51 65 39 71  6 11 37 79 42 69 34  5 13 70 49 94 79 90 17 94 22 22 51 97 49 75 28  7 91 10 32 10 72 94 72 29 58 82 48 10 68 61 89 32  5 50 83 38
 91 34 58 98  2 59 30 59 56 56 95 73 48 77 15 73 94 13 92 24 68 64 32 69 24 54 31 20 59 46 79 76 28 46 37  5 66 77 97 68 68 45 52 30 95 49 58 68 11 44 69 16  1 57 87  7 52 27 33 53 40 71 18 83  4 80 11 35 61 72 90 58 89 32 82 66 69 24 90 64 28 44 20 66 13 23 57 24 19 60 57 53 46 14 92 66 91 13 73 92
  4  2 88 93 64 99 90 20  7 73 61 35 80 78 37 40 50 53 61  6 44 87 66 14 23  1 80 34 22 40 63 31 32 64 13  2 47 60 73 75 95 35 17 70  4 59 68 75 24 21 22  4  8  1 32 68 33 27 11 57 23 17 43 58  7 30 43 29 41 27 80 43 84 40 65 94 63 41 29 36 94 18 59 33 93 97 97 94 31 33 85 21 80  6 75 65 62 48 22 68
 90 99 24 24 90 76 93 50 82 34 35 40 99 78 40 98  8 15 64 47 76 75 16 57 23 10 86 90 84 77 93 34 45 71 51 19 28 48 52 60 25 47 81  6 73 94 46  7 50 82 26 95 17 71 51 45 10 17 35 46 18 21 80 79 12 77 25 75 35 80 54 69 20 75 38 13 57 80 65 46 91 59 67  9  3 49  7 39 26 93 25 12 88 70 32 14 30 63 58 28
 60 30 78 40 23 20 69 99 96 61 79  1 61 72 65 61 35  7 52 94 14 74 19 46  9 40 61 56 21 95  6 95 27 63 49 14 66  3  1 50  1 67 97 41 13 30 53 84 29 21 16 49 17 30 69 33 56 41 64  2 99 87 10 18 39 55 46 96 54 84 98  8 18 91  9 57 86 97 31 10 48 45 86 81 21 40 84 40 49 24 28 25 87 54 86 10 79 23  5 39
 78 20 36 28 14 83 35 87  9 51  6 73 88 62 77 38 69 38 81 42 10 87 78 22 90 57  5 39 90 87 76 84 37 41 54 22 68  9 30 38 32 56 17 36 42 38 48 26 56 16 37 66 24 63 73 56 30  1 69 81 51 48 57 53 94 81 64 43 72 99 85 36 93  3 47 78 56 10 43  1 35 96 32 86 27 60  9 34 73 25 83 54 13 37  3  2 48 17 75 66
 86 83  7 84 33 10 29 91 46 42  1 43 72 62 65 72 65 74 57 88 76 67 58 37 65 52 29 94 61 69 63 46 46 64 33 72  4 81 40 17 72 88 59 92 30 40 81 94 44 80 48  2 10 48 71 98 92 24 91 83  8 11 86  2 45 40 65 94 96 99 59 27 10 62 22 72 56 48 20 58 74 79 54 46 97  9 96 67 55 11 53 71  8 62 22 57 65 91 24  9
 87  4 16  7  3 43 26 80 19 12 61 25 58 10  9 57 86 72 32 81 35  4 62  2 31 99 15 96 21 30 24 57 91  1 56 97 22 29 56  8 86 52 65 22 52 38 86 30 55 87 92 55 46 85 47 28  2 87 12 85 69 44 85 71 32 49 31  2 55 71 92 53 56 91 61 39 84 40 18 19 62 41 26  7 81 25 19 85 21  6 68 24 97 63 13 48 98 24 37 64
 59  1  8 39 67 11 87 56 87 64 48 84  9  7 37 90 37 75 97 40 27 79 75 70 85 81 64 46 15 22  1 29  3  9 41  3 74 69 66 37 49 30  8 99 50 48 81 26  7 99 68 38 59 42 36 59 50 63 96 68 78 82 83 79 67 15 86 87 22 80 64 35 30 84 89 78 24 41 42 32 63 77 46 61 58 77 12 91 63 86 16 41 96 53 90  2 95  3 82 19
 18 38 11 84 41 23  9 44  7 85 26 17 47  2 24 77 28  8  9 11 20  4 95 19 85 18 82 45  4 61 35 98 59 78 63  8 86 56  6 90 31 52 96  1 73 43 52 43 78 10 63 69 14 26 77 51  8 30 70 64 75 53  4 90 10 83 29 87 58 33 18 61 15 10 52 96  2 75 41 22 29 23 69 82 29 30  5 84 26  7 92 55 73 92 88 27 11 74 33  6
  2 73 63 19 64 23 11 66 27 31 46 12 67 43 24 81 52 36 41 28 23 73 14 28 26 83 28 38  7 10 14 50 26 54 97  1 91 91  1 18  6 15 84 44 60 65  3  7 26 53 22 36 54 19 67  6  7 42 63 55 18 15 91 43 55 55 56  6 94 97 23 85 29 55 57 82 42 24 68 50 67 51 52 29 90 58 97 94  4 42 79 98 29  6 66 89 42 84 34 84
 25 19 37 58 87 31 54 94 96 60 93 55 44 73 72 14 78 15 54 84 66 36 94 42  8 51 55 78 58 22 64 76 13 33 28 17 37 75 32 57 93 18 24 87 66 56 95 39 49 55 80  8 49 73 33 85 42 43 27  6 26 37 45 85 39 54 12 20 60 34 55 25 38 12 39 54 68 48 44 15 37 16 98 74 13 68 57 40 59 22 15 94 28 42 72 91  1 58 67 32
 89  3 58 73 90 54 62 75 19 53 86 35 59 49 13 57 37 33 57 57 91 92 29 15 65 85  6 43 50 43 76 83 10 86  6 86 11 56 62 17 72 87 38 76 28 47 17 16 82 55 65 61 29  5 11 89 33 94 68 21 62 93 81 44 40  6 97 54 76 21 53 52 35 92 12 92 12 56 28  1  7 31 30 15 44 98 80 77 34 31  5 90 27 37 46 68  4 82 26 23
 56 54 13 42 93 73  3 53 41 39 41 65 69 60 99 86 26 97 62 49 25 17 29 91 85 55 25 94 48 64 73 49 19 37 41 12  1 93 69 10 46 88 43 10 97 75 43 34 66 61 10 99  7 93 85 89 74 92 73 92  9  6 16 34 85 48 79 77 76 57 34 50 17 90  6 38 43 45 77 61 16 13  4 39 74 85 97 56 28 81 84 16  5 23 70 58  9 81 60 65
 84 69 76 34 14 31 98 30 53 21 37 66 93 21 65 79 11 85 27 41 45 78 56 89 58 51 21 15 94 29 83 23 22 19 23 12 37 68 24  2 59 13 32 58 60 78 31 77  2 94 75 44 55 89 78 63 50 93 21  8 64 26 84  4 14 48 21  4 98 72 96 26 42 99 21 29 55 94 99  1 70 49 17 57 49 92 14 11 67 33 27 62 57 57 72 68 18 33 93 84
number of jobs, number of machines, initial seed, upper bound and lower bound :
         100          20   508154254        6377        6009
processing times :
  1 61 82 63  9 98 85 76 35 26 10  7 55  4 28 59 59  8 98 34 90 32 57 87  1 88 46 46 84 43 52 26 21 55 94 32 52 21 33 68 62 71 85 32 32 62 97 93 72 28  5 66 96 36 55 22 82 64 62 68 27 21 63 22 40 85 52 51 41 30 23 66 52 52 65 70 47 38 81 88 66 91 90 98 52 88 84 91 90 36 49 56 51 26 56 57 55 23 57 99
 87 33 38 36 28 94 61 89 33  3 28 79 68 35 51 14 24 31 47 95 64 39 98 15 51 69 50  3 60 31 23 14  5 97 94 44 56 24 46 44 51 47 18 54  7 26 16 67  3 38 13 28 23 62 87 75 55 20 68 13 80 47 48 20 13 23 76 63 91 49 34 34 17 20 92 65 80 26 24 30  2  9 16 86  2  8 57 55 67 72  1 30 25 46 23 63  4  6 30 40
 92 75  4 88 28 37 67  1 54  1 88  1 67 12 25 75 42 84 67 23 40 36 37 86 14 39 30 61 62 39 74 19 14 85 55 95 58 66 61 75 91 27 60 90 71 99 99 73 39 25 37 56 83 27 19 27 47 19 59  8 20 12 62  4 36 80 71 64  8 40 93  1  1 39 32 31  8 26 50 50 47 79  2 36 72 57 25 15 93 74 34 94 53 48 67 95 84  2 69 30
 71 85 37 66 81 59 45 96 89 23 32 18 71 61 65 16 47 15 54 61 61 66 55 18  9 78 59 70 69 41 37 99 24 67 52 63 62 24  7 50 44 28 84 49 94  3 22 95 69 69 16  5 24 90 92 65 82  9 73 58 60 14 20 14 90 93 26 24 46 93 17 11 71 19  4 96 87 58 13 53 50 63 20 52 79 29  2 92 14  7 73 98 97 85 61  9 14 70 45 22
 47  7 33 48 61 67 99 32 19 50 91 65 25 64 64 64  9 96 65 72 61 45 29 36 64 14 86 22 87 22 91 40 56 97  7  5 83 98 25 87 27 88 74 98 15 97 16 13 13 38 94 88 57 46 82 32 10 59 81 91 30 41 70 50 75 63 32 79 68 24 95  7 80 95 60 17 19 65 41 19 59 71 71 30 47 38  9 67 25 85 36 78 93  9 82 29 10 27  4 93
 12 29 76 97 43 48 81 10 55 90 19 29 10 49  5 12 98 55 38 30 41 86 50 43 96 18 42 75 88 50 66 23 35 22 13 11 39 16 63 87 31  1 54 41 53 99  9  3 24 83  9 66 61 51 79 93 64 86 20 88 52 68 49 61 55 50 44 36 63 89 10 80 20 41 23 16 10  2 79 70 22 32 44 51 58  9 20 75 75 15 45 44 82 60 14  9 19  4 33  5
 91 19 69 20 34 28 24 16 89 40 82 63 32 11 82 71 22 38 29 93 14 74 93 63 94 64 31 85 61 13 80 33 81  6 84 19  9 61 72 42 93 57  6 56 86 44 39 90 31 18 13  6 71  2 72 67 71 67 69 30 60 12 83 94 71 43 12 69  2 42  4 81 98 49 40 21 60 78 37  3 92  3 53 46 34 80 91 76 94 11 52 64 54 37 61 98 31 81 78 42
 45 12 58 63 41 92  7  3 35 97 32 18 44 87  5 25 97 48 59 83 40  3 42 91 82 40 86 63 94 46 56  5 48 34 49 24 28 94 55  9 66 80 38 37 92 90 42 43 13 29  7 67 36 80  5 15 12 31  1 29 36 48 98 28 41 13 21 50 57 14 41 59 86 56 28 76 69 67 90 95 45 95 43 43 16 95 62 81 46 16 22 65 14 57 35 88 70  2 46 50
 74 87  9 78 33 84 63 71 13  1 72 36 86 68 39 56 34 76 63 45 16 82 30 32 73 57 49 29 43 99 27 81  2 65 91 13 68 48 22  7 41 59 92 20 52 71  6 78 37 91 42 61 97  4 55 79 78 41 23 19 10 22 27 27 43 80 62 85 87 69 69  3 32 97 47  2 39 67 96 37 94 79 30 29 90 83 56 75 94 84 31 91 31 43 62 24 17  1 83 34
 96 41 83 13 79 71  4 60 93 24 16 22 21 99 12 44 57 75 13 14 49 72 40 98 88 37  6  5 58 33 40 22 50 23 89 34 66 27  9 92 13 83 13 77 17 66 96 40 30 38  9 10 87 41 72 89 67 54  9 73 61 80 50 42 86 27 79 75 46 59 10 51  1 11  1 19 88 65  7 45 67 97 45 30 28 92 28 74 78 95 12 36  6 29 99 14 81 53 36 86
 68 69 80 71 11 44 86 86 18 55 96 82 39 17 69 98 61 68 62 88 37 39  7 51  2 62 35 75  5 97 87 52 30 75 27 75 40  4 43 90 35 24 28 58 36 43 49 86 60 25 89  1 46 83 34 32 59 29 11 82 54 92 98 27 57 57 63 63 95 74 63  7 67 70 32 86 26  2 54 67  8 45 46 99  1 29 24 69 39 15 37 80 36 81 55 84 43  7 43 78
 97 98 58 60 97  9 44 24 24 18 77 75  3 88 48 78 71 24 50 19 98 38 43 10 51 64  5 77 72  2 34 78 32 14 98 90  4 45 49 80 95 89 56 42 27 74  5 33 52 95 60 29 53 73  7 17 97 65 32 19 89 70 22 91 59 12 44 20 74 75 79 20 69 20 28 32 99 27 14 81 71 83 84 75 73 10 76 66 58 81 29 75 41 54  8 98 68 17 63 77
 52 21  2 86 47 91 22  7 56 44  3 21 52 99 45 36 42 42 80 38 68 71 18 11 37 30 55 25 58 11 51 44  5 84 10 58 21  4 16 72 64 87  4 10 69 24 47 53 25 36 13 23 19 78 19 38 63 64 28 89 72 70 32 53 55 40 13 48 91 55 31 85 51 15 31 64 30 90 36 42  3 90 18 23 75 68 37 77 20 50 97 37 10 89 91 97 12 56 16  5
 42 11 54 16 10 12 82 60 83 29 55 67 62  6 39 39 74 57  2  8 32  6 62 78  3 26 80 75 73 18 34 89 22 38 75 32 29 97 24 96 91 89 23 17 67 45 30  9  6 47 13 93 80 23 55 76 37 64 16 55  2 60 66 90 95 47 32 58 54 89 66 27 27 80 75 89 30 21 71 87 46 79 68 41 38 45 63 90 81 91 53 55 83 23 22 11 96 93 11 20
 89 51 46 17 76 14 24 58  4 26 77 40 47 36 37 66 26 13 81  4 95 70 55 40 11 40 28 70 75 84 70 33 96 63 64 39 26 14 67 63 39 58 67 61 47 97 63 45 49 99 49 80 54 28 83 67 89 30 91 23 79 73 80 68 75 16 75  2 28 77  4 13 47 19 68 20 61  4 22  5 43 43 64 84 44  7 98 26 67 51  9 73 63 99  4 72 74 79 27 28
 35 92 60 14 20 96 67 21 28 69 26  6 22 15  3 45 81 29 13 49 99 33 64 96 16 56 85 65 70 46  6 55 73 79 81 15 46 51 13 36 85  1 38 29 87 95  8 10 76 63 25  2 50 81 11 80 77 74 20 64 43 23 10 41 51 94 31  4 74 76 29 51 26 61 44 90 34 59 48 66 43 86 11 19 48 30 59 63 39 73 52 77 60 60 71 25 68 47 83 83
 83 34 22 99 85 94 37 67 78 97 51 82 83 38 12 23 26 73 32 80 11  6 24 78 66 21 73 38 80 83 99 72 35  7 82 61 83 74 98 45 40  7 30 87 51 64 25 17  2 92 14 54 34 23 47 69 50 34 80 18 19 25 16 71  7 89 41 48 96 13 20 87 60 57 65 21 34  6 23  1 62 52 18 94 94  2 52 85 19 80 28 47 77 69 58 16 73 10 84 61
 27 84 96 46  6 55  9 80 48 36 32 42 14 83 23 94 12 11 14 66 81 47 84 46 23 69  7 63 67 23 11 66 17 12 88 31 92 78 89 38 80 61 53 28 40 82 35 89 20 58 25 83 62 48 32 46 12 62 22 41 68 35 56 67 74 82 64 43 40  6 22 76 59 85 46 88 13 85 61 91 91 79  7 30 63 30 55 62 80 58 37 17 22 46 87 90 57 98 59 22
 75 84 82 74  2  8 16 60 33 81 94  8 10 93 92 71 78 26 47 72 32 16 35 63 34 91 77 82 57 35 74 37 27 48 10 54 94 56 23 91 47 53 42 16 72 35 33 69 92 26 16 74 97 38 44 33 46 71 56 98 42 14 19 69 34 77  1 29 34 35 69 21 45 31 12 59 45 15 34 14 44 20 66 65 31 71 36 36 58 18  6 66 41 85 62 12 47 82 75 84
 65 35 68 70 45 92 68 85 33 21 28 84 56  8 71 69 49  9 37 24 87 59 57  9 31 74  4 89 67 12 45 84 43 30 45 33 27 11 43  6 90 29 46  1 29 90 86 46 81 43 20 78 96 11 29 27 71 54 68 28 12  8 12 90 94 48  4 68 73 88 50 97  7 76 42 88 27 15 72 77 62 51 48 22 97 93 51 85 26 17 54 99  8  4  2 29 80 20  6 86
number of jobs, number of machines, initial seed, upper bound and lower bound :
         100          20  1861070898        6437        6144
processing times :
 43 50 51 88 95 52 15 25  2 21 74  1 89 78 14 48 91 33 46  1 39 51 62 77 77 29 82 39 62 27 47 17 60 15 94 97 65 35  5  1 66 49  3 33 98 45  3 25 74 61 57 90 81 15 66  1 89 31 20 46 93 78 41 30 42 71  6 16 76 63 54 38 88 36 69 51 67 54 76 47 37 15  6 62 19  7 97 37 37 60 81 28 87 95 85 76 69 44 70 24
 31 19 14 10 78 15 91 35 79 78 45 79 47 33 75 81 66 78 41 38 55 75  5 57 67 12 21 88 47 42 12 25 32 89 11 34 10 95  9 88 79 60 59 81  4 58 40 95 81  1 67 68 38 40 28  5 26 59 77 60 69 57 43 90 30 46 49 77 67 54  7 38 26 83 95 44 84 41  5 12 87 16  4 83 97 58 80 22  1 89 98 92 90 20 14 76 23 54 18 34
 67 37 74  4 15 93  4  9 33 97 79 75 91 79 23 60 97 55 76 14  2  3  3 64 94 63 48 67 32 15 45 31 10 70 75 71 50 25 74 94  7 79 25 74 14 95 54 74 44 44 25 21 12  6 56 19 75 35 64 89 99 36 32 53 67 68 97  9 16 55 91  5 81 67 86 26 41 48 28 19 88 37 40 23 27 11  8  5 87 39 32 23 82 32 95 19 88 29 54 11
 26 49 42 15 66 67 40 97 13 54 23  1 74 95 45  3 80 78 31 76 52 79 71 58  9 61 20 53 62 45 25 59 71 96 34 50 25 36 18 34 39 39 81 62 25 82 91 26 63 78 91 13 94 52  7 71  1 84 38 61 32 49 63 72 86 63 80 87 55 53 99  7 35 72 45 14 36 35 86 81 41 58 34 43 47 10 23 36 56 84 53 85 32  8 33 67 65 35 19 92
 20 64 97 82 36 99 41 30 80 70 61 42 51 15 16 60 47 15 26 96 82 98 59 19  1 50 16  2  6 68 86 62 58 23 12 89 19 31 70 68 29 47 43 47 45 92 81 44 84 64 30 58 95 96 92 54 18 20 27 59 22 93  6 95 58 12 16 93 40 87  5 41 88 92 64 45 13 61 51 70 81 25 54 97 85  7 65 84 80 65 21  9 32 95 20 28 64 29 82 82
 22 39 64 56  9 17 55 40 87 60 92 11 51 78  3 73 48 38 92 81 85 90 46 72 58 60 94 85 94 63 23 92 45 97 14 80 59 30 24 44 99 33 90 25 54 91 61 29  1 59 64 60 75 83 41 27 94 22 96 21 53 77 85 33 20  1 90 71 62 94 86 61 15 87 53 30 77  9 34  2 39 54  8 44 12 93 18 88 21 54 94  5 43 89 98 99 43 85 80  7
 77 26 69 97 76 37 50 99 80 68 24 47  7 70 91 87 73  7 20 70  3  7 12 76  2 66 45 13 33 66  8 54  4 50 98 38 52 58 57 13  8  9  8 95 27 28 17 38 72 89 53 51 99 24 98 52 67 31 34 61 60 17 82 25 12 61 84 89 11 25 50 11 61 81 14 72 86 87  7 57 81 33 52  4 73 98  2 27 46 84  7 48 67 86  6 36 14 86 75 21
 94 51 39  5 19 71 76 23 92 81 88  8 71  9 68 16 87  3  7 38 69 23 17 27 60 75 65 33 47 60 23 30 73  4 82  8 36 20 70 42 62 49 21  3 18 96 41 94 41 58 27 38  8 21 26  5  2 65 58 83 10 34 29 82 89 32 47 43 42 42 16  7 11 27 46 78 73 27 69 38 41 38 50 28 76 39 51 57 39 46 69 15 22  7 67 16 50 76 13 11
 11 54 39 65 70 17 17 99 97 45 35 50  5 48 75 71 44 60 59 24 39 64 39  1 65 65  1 12 97 31 21 71  1 37 89 24 15 94 22 94 33 84 45 19 48 89 33 63 38 26  3 64  6 65 89 13 71 22  2 33 99 71 51 61 33 57 56 33 32 52 86  6  9 88 87 57 98 92 39 38 78 54 31 53 92 69 52 87 11 34 67 52 30  9 78 34 14 24 64  6
 23  2 29 60  1 88 17 54  8  9 10 20 12  7  5 68 16 79 54 55 41 26  6 78 35 74 68 72  6 73 12 18 85  3 66 72 72 61 22 77 86 46 72 31 27  8 67  5 88 31 55 36 65 96 96 96 91 82  3 47  4 93 74 12 95 82 42 99 57 44 79 48 23 31 57 55 52  4 83 88 67 67 20 34 41 59 74 35  8 26 90 25 23 23 71  1 72 49 73 18
 30 34 75 91  2 45  7 99 91 52 52 28  3 80 77 36 98 60 81 47 50 48 35 17 80 49 90 98 45 25 12 15  8 23 28 62 97 30 50 70 77  2 75 88 52  1 41 53 16 75 68 99  6  2 18 35 77 57 60 60 85 93 50 38 54 11  7  5 15 23  2 73 14 44 51 43 78 74 31 99 95 52 40  2 27 56 12 19 76 83 48 59 62 56 96 18 58 29  4 27
 40 81 34 19 84 72 55 36 23 93 27 39  1 92 77 36 23 42 83 97 92 58  9 25 87 88 69 79  9 48  9 14 19 89 21 32 15 77 28 98 15 80 76 54 90 44 34  3 34  9 36 77  4 46 15 96  1 25 39 32 42  9 36 83 34 49 53 43 74 80 49 13 61 77 31 30 61 79 59 38 54 19 50 24 77 99 88 91 25  4  5 56 81 73 82 46 87 46 85 76
 99 12 33 43 99 19 87 90  8 23 34 31 39 46 62 94 71  8 42 48 22 36 47 47 33 56 75 11 83 59  3 39 46 24 60 20 91 61 16 61 98 44  5 12 45 35 55 35 90 22 66 70 17 22 67 87 34 36 94 36 23 13 36 56 18 50 39 71 59 80 35 77 78 79 46 36  3 56 72 77 82 97 18 32 87 20 40 55 40  1 84 37 26 47 68  4 50  8 51  4
 66 85 81  9 32 62 60 68 30 53 47 35 93 71 16 15 11 26 85 85 47 29 95  4 92 66 20 65 31 91 65 16 30 78  9 90  2 11 37 84 43 77 14 24 71 17 53 84 83 50 83 82 62 63  6 29 66 13 60 24 94 38 55 26 62 73 91 16 90 37 14 81 19 84 18 54 39 61 29 25 66 69 12 73 50 23 36 25 90 28 27 73 17 28 84 83 27 84 37 28
 12 44 89 11 63 62 20 19 75 43 94 16 75 51  9 61 68 80 14 76 18 44 63 17 29 36 69 83 53 31 71 61 55 85 35 62 87 48 91 25 95 38 85 22 12 89 84 70 35 59 29 15 66 87 43 54 84 85  8  2 89 58 71 69 80 25 74 66 60  8 14 27 63 31 96 57 14 32  2  3 72 44 33 72  1 72  9 65 79 38 49 93 38 72 31 51 89 90 95 76
 75 21 81 70 94 67 70 92 87 83 90 57 53 77 37 37 45 36 79 53 37 29 79 49  2 16 36 39  9  5 35 54 98 61 18 41 15 19 75 17  4 19  7 44 54 55 46 46 84 73 28 52 32 51 21 92 60 87 54 30 60 36 59 39 16 55 22 41 13 99 25  2 54 55 23 62 98 46 82 70 83 72 21 56 36 41  5  7  1 23  2 48 65  6 75  6 43 67 26 79
 64 66 16 11 36 87 99  3 73 18 31  3 10 77 25 98 65  5 46  4 21 49 83 44 71 48 63 88 87 28  6  7 32 85  1 54 59 10 95 42  2 11 32 71 24 56 23 71 85 91 49 88 33 63 69 28 99 52 53 14 23 50 37 93 18 77 84 28 61 81 82 29 88 80 64 29 19  1 34 68 57 15 78 95  7 28 76 48  2 12 67  7 24 42 91 17 79 95 86 96
 21 30 19 49 15 57 66 98  4 75 95 99 24  4 43 53 81 29 31 58 65 97 68 14 56 44 24 21 15 87 17  3 28 85 56 22 60 52  4 31 58 38 36  4 34 19 22 74 24 18  9 82 96 97 98 78 35 26 48 67 78 87  2 97 57 62 81 73 49 60 97 22 12  8 35 42 44 67 46 24 68 68  5 84 58  1 84 59 67  2 74  5 58 96 34 50 92 15 74 90
 43 47 50 94 39 17 67 63 88 98  8 13 81 76  9 70 78 60 58 22 40 30 23 61 88 34 20 83 85 29 40 41 84 61 60 31 78 41 45 55 27  7 26 54 48 56 51 52 91 64 54 68 61  2 50 61 46 41 16 88  4 67 57 11 65 99  4 89 93  8 47 22 26 89 77 10  8 66 48 69 99 51 63 51 95 95 23 65 72 92 74 75 46 88 46 56 74 66 47  9
 84 73 59 32 38 33 35 83 49 64  6 99 41 95 50 58 45 18  2 77 88 85 24 70 51 70 69 45 20 32 46 99 67 68 33 74 78 87 95 89 38 45 71 33 53 78 44  9 18 23 35 85 60  9 94 53 32 34 59 95 10  2 38 71 93 24 31 73 77 91 94 58 48 93 90 85 78 60 38 55 63 70 84 16 25 56 66 51 99  4 52 87 29 83 22 56 12 36 88 77
number of jobs, number of machines, initial seed, upper bound and lower bound :
         100          20    26482542        6346        5991
processing times :
 26 99 68 38 74 84  3 38 60 87 87 88 68 37 99 62 75 54  8 36 85 20 68 55 22 48  9 38 44 37 63 60 43 97 42 68 45 46 19 69 66 22 42 54  2 94 95 69 15 38 15 53 43 94 90 92  3 31 74 35 51 75 61 27 17 31  9 70 56 98 67 57 41 78 60  7 15 21 43 26 42 82  7 43 14  1 62 71 26 96 17 75  5 38 28 20 32 85 97 36
 10 37 69 91 75 54 37 44 37 69 45 56  6 76 60 41 13 92 74 44 41 16  6 74 50 18 62 96 50 12 46 54 53 72 10 52 88 95 41 91  5 37 47 96 53 14  6  4 15  7 96 43 12 42 89 86  7 56 20 34 77 24 85 52 93 31 65 94 45 20 79 19  3 96 84 18 26 52 68 28 84 23  1 44  3 37 42  1 55 76 41 71 40 31  9  8 46 20 66 19
 96  7 16 74 74 50 76 65 34 69 64 47 28 59 45 19 69 37 41 39 28  2 77 48 57 75 88 46 97 64 15  7 88 41 89 95 77 13 88 70 85 68  4 31 67 67 75  9  9 44 24 16 25 42 88 85 17 32 36 60 85 15 65 68 62 60 27  9 97 73 41 89 95 71  7 79 75 15 86  9 74 45 83 31 84 70 63  2 42 79 59 59 11 73 44 13 63 25 68 94
 51 11 52 11 22 20 52 60 95 57 17 77 48 10 97 62 11 54 35 12 40 99 73 60  9 70  7 35 36 75 20 89 20 10 73 54 88 70 25 48  2 67 56 59  7 32 61 32 59 33 60 72 79 89 42 49  4 94 30 23 89  7 76 35 47 77 47 10 88 16 88 82 34 52 79 77 74  8 69 11 18 37 47 84 17 70 74 26 90 53 74 87 30  8 60 60 74 34 46 26
 22 57 50 63 22 18 85 89 35 93 14 94 90 39 69 89 93 80 40 50 33 90 12 92 96 50 25 15 65  8 57 66 29 20 35 59  1 73 45 79 64 54 49 24 81 94 67 70 39 87 21 13 90 70 71 86 41 23 18 63  9 50 87 43 33 18 28 21 61 57 69  9 18 68  8 24 90  7 47 32 95 70 86 86  8 71 23 50 53 32  6 38 93 66  1 99 62  5 37 41
 56 24 10 91  7 95 47 96 30 96 91  3 45 18  9 50 81 91 70 96 98 15 42 11 67 87 24  8 43 70 83 49 38 46 75 13 12 35 96  7 10 89 91 36 33 52 34 94 73 36 27 27 81  1  1 83 22 73 98  2 88 32 78 57 74 30 56 90  5 48 98 36 55 54  7 85 61 94 88 33 78 89 18 14 46 20 89 17 65 80 13 70  7 43 24 23 31 38 63 43
 43 51 85 51 86 23 33 86 12 94  2 36 96 63 10 66 18 79 98 58 45 97 46 32 11 63  6 38 32 29 87 42  8  8 90 48 89 94 47 23 59 61 58 83 89 95  3 78 46  5  8 59 25 67 15 90 99 38 19 77 61 55 12  8 95 88 55 81  9 32 62 50 75 66 43 87 40 98 42 49 50 29 28 35 48 37 42 11 38 24 97 45 54 28  4 68 89 86 39 71
 91 78 60 42 29 77 65 60 97 88 72 62  6 88 12 57 78 96  9 18 24 68 45  6 29 18 40 70 62 62  9 86 15 76 23 40 63 39 24 36 24 89  9 18 89 32 56 77 76  8 56 85 79 72 50 39 69 96 94 83 76 55 33 15 76 36 54 67 56 92 18 67 94 28  1 33 36 18  3 65 44 79 86 19 58 30 64  4 65 57 73 37 44 51 21 15 63 65 28 82
 72 40 88 94 27 83 82 53 44  6 86 18 14 47 26 46 88 48  8 66 89 16 49 46  3 12 21 55 15  2 87 17 68 76 87 77 77 12 56 57  7 46 69  2 69  5 77 53 39 55 17  3 54 18 12 96 82 67  8 25 55 25 76  2 59 72 88 48 75 44 10 22 42 98 33 52  1 99 37 74 35 15 58 15 41 48 94 96 89  8 82 36 31 13 26 40 77 83 44 77
 41 61 28 93 79 81 38 41 63 90 66 77 51 41 11 35 44  5 14 61 27 80 30 66 10 18 73  9 68 94 97 96 21 73  6 13 53 79 66 39 35 38 18 82 62 37 93 84 48 58 56 88 24 37 94  4 92 88 37  3 70 30 92 54 94 72 86 18 23 28 11 33 57 84 71 31 47 38 34 25 95 20 39 90 17 58 98 39 99 44 45 53 88  8 17 13 72 60 62  2
 28 96 51 98 40  5 48 96 51 80 90  8 81 65 92 50 27 53 26 61 57  9 74  6 68 51 18 10 25  6 56 42 43 63 50 91 32 81 92 85 40 70 51 48  7 44 75 99 91 22 93 88 29 94 11 13 47 12 81 77 15 97 64 87 33 93 65 89  3 97  3 31 80 47  8 79 62 80 11 95  5 83 48 23  8 60 54 12 97 98 36 95 69 46 93 44 92 71 63 74
 80 54 21 17 79 75 95 86 95 22 86 24 75 34 10 65 63  2 70  6 39  6 82 55 63 48 39 26 80 92 32 76 38 93 22 17 48 25 74 60 34 14 92 95 51 50 96 89 94 10 91 50 72 60 98 27 85 71 63 29 34 61 56 35  9 12 53 67 16 68 12 45 25 83 76  7 97 63 78 76 40 57 37 93 92 54 92 42 29 85  3 10  6 53 34 45 78 96 17 85
 27 80 35 75 49 86 63 30 33 70 34 86 19 65 56 95 62 72 77 17 72 62 43 85 75 80 45 95 89 33 93 83 19 52 57 55 24  4 96 31 17 93 23 34 27 70 26 80  4 48 81 76 28 64 47  4 46 84 20 77 66 21 94 77 53 34 53 48 18 89 76 86 42 57 77 86 71 21  4  5  2 66 81 49 42 14  4 64 30 52 86 34 86 94 94  3 60 90 35 96
  7  2 31 22 82  9 59 31 69 44 57 59 11  7 69  5 61 13 30 63 63 59 90 24 19 53 38 75 40 35 95  6 85 94 21 84 92 49 49 98 38 28 60 38 58 82 20 39 24 43 76  3 28 82 26 71  4 71 93 75 98 84 35 53 45 18 32 59  2 33 63 47 99  8 41 23 38 49 86 54 12 57  1  3 63  7 35 78 54 89  7  2 34 41 25 56 40 89 92 12
 70 18 13 35 26 97 17 63  9  7 98 43 79 84 54  9 65 50 13 66 11 71 50 77 70 21 13 36 42 43 89 21 89 24 50 98  7 76 20 66 87 19 64 62 19 94 12 69  5 44 75 23 66  5 82 25 67 76 68 57 86 13 97 73  6 90 71  5 70 91 28 26 75 34 10 80 38 16  5 99 13 83 45 93 96 62 70 96 58 65 16 29 46 77 36 24 66 60 86 12
 73 59 18 30 14  5 81 37 17 78 57 64 10 65 45 49 97  5 31 17 41 16 68 77  5 13 28  4 89 15 20  4 46 88 55 84 66  9 82 43  2 59 61 37 90 90 71 82 88  6 57 32 90 69 92 54 98 59 51 12 46 45 27 26  8 56 12 14 90 96 66 97 32 98 16 14 86 48 65  4 47 86  8 99 37 42 76 84 63 63 78 41 62 54 79 40 57 17 63 28
 37 80 47 12 31 87 98 64 74 29 22 88 27 52 67 67  2 32 92  6 87 15 43 38 23 77 46 20 84 92 91 88 31 68 85 18 32 22 45 94 84 98 74  8 37 21 51 62 68 43 97 70 24 65 35  4 28 45 37 40 39 68 70 12 28  9 99 83 92 41 62 83 34 24  6  2 89 24 22 13 42 99 22 80 96 20 79  4 92 26 28  5 34 41  9 55 12 78 37 15
 27 32 59 89  6 66 89 63 96 36 58 27 72 47 13 81  4 57 31 56 19 21 33 60 43 39 10 74 89 98 68 50 33 61 30 51 33 26  6 24 70 68 80 13 73 13 35 39 44 86 24 30 83 27 74 81 15 13 87 27 88 17 37 65 45  6 77 27 20  1 28 69 81 87 33  6 98 25 49 32  9 19 24 63 37 11 68 94 34 33 90 58 36 57  4 81 84  8  8  8
 32 41  6 44 69 87 40 80 28 39 66 94 98 46 48 83 61 85 61 94 77  9 85 42  6 74 83 67 18 39 52 95 72 64  7 68 26  9 87  4 95 75 64 19 85  2 70 96 58 19 27 39  6 67 51 72 20 84 35 58 46 88 38 79 82 27 91 14 86  3 50 40 91 29 26 42 36 42 66 21 28 58 60 23 48 24  2 31 80 50 47 61 91 71 39 65 63 78 87 96
 31 42 95 39 55 90  3 69 21 61 21 56 78 53 29 90 77 71 77 71 75 95 45  2 16 20 60 12 96 26 22 26 30 58  9 22 61 76 54 56 19 45 27 60 74 40 84 11  2 27 31 31 53 45 86 31  2 13 74 50 44  7  5 10 60 58 69  4 42 21 39 58 99 28  8  2  2  4 81 24 57 19 24 46 27 51 12 18 78 87 71 83  7 33 54 30 84  8  4 95
number of jobs, number of machines, initial seed, upper bound and lower bound :
         100          20   444956424        6481        6084
processing times :
 39 83 12 57 78 55 20 79 58 52 99 48 87 67 95 82 90 41 86 97 27 20 82 45 71 58 92  5 21 45 43 12 53 29 14 49 85 90 12 48 13 75 69 34 19 55 44 22 60 45 38 78 73 59 46 47 95 25 58 61 92  8 88 64 93 29 20 45 46 78 37 49  2 18 92 41 31 29 92 87 65 22 61 90 89 97 15 75 77 65 21 56 53  9 86 75  7 88 38 69
 57  2 75 44 30 39 88 35 13 21 38  6 92 43 22 85 51 25 43  4 81 31 71 92 25 72 42 77 70 66 15 15 51 78 89 50 74 57  7 65 89 87  6 31 70 25 36 88 25 94 66 95 77 10 26 58  8 95 20 46 49 37 76 11 24 72 75 58 46  2 83 14 77 68 81 81 56 37 41 96 53 88 66 50 40 28 65 76 89 16 48 91 83 84 18  2 63 27 39 14
 30 34 55 12 50 15  4 43 74 31 72 71 29 28 32 14 32  6 46 73 48 56 97 56 60 72 24 29 64 29  3 97 50 97 83 89  2 96 28 83 47 90 56 57 69 88 54 94 90 62 97 67 59 22 24 87 99 62 18 70 94 85 43 48 51 91 16 31 57 51  9 28 37 89 83 33 94 44 76 82 10 81 74 55 92 26 27 86 32 28 75 67 91 48 58 23 17 18 37 78
 84 64 65 11 41 31  5 67 91 75 47 78 64 23 29 81 44 80 59 34 35 54 49 14 72 21 57 42 24 88 78 75 53 80 88 20  4 30 52 32 82 28 36 98 77 71 16 91 79 10 28 80 60 86 81 20  3 46 57 58 76 63 13 81 85 82 92 52  8  6 52 12 65 26 67 14 64  8 40 86 47 83 58 83 95 56 65 23 32 43 91 18 27 79 53 87 97 79 99 18
 42 74  1 40  3 95 69 18 73 66 83 52 37 53 19  3 53  5 44 91 46 43 50 40 30 40 56 40 75  5 81 87 14 61  4 94 22 36 95 79 42 84 92 87 60 16 76 32 88 19 72 10 87 78 75 39 58 71 45 43 34  9 28  7 84 42 72 57 56 25 33 33 80 69 87 94 90 66 93 23 84 84 56 90 58 69  6 31 98 43 34 56 49 98 82 68 32 83 45 77
 11 20  3 40 48 24 32 23 25 51 80 23 49 88 35 40 40 63 48 29 19  5 23 14 57 57 40  7 95 53 52  2 43 94 85 75 84 42 27 40 66 48 81 92 30 49 86 26 91 78 41 53 50 74 69 48 91 20 20 53 75 78 91 84 49 39 19 29 77  1  5 84 34 13 19 80 21 87  4 76 91 54 56  9 79 20 62 59 43 19 92  7 94 55 34 14 70 88 58  7
  3 34 39 69  9 92 78 99 27 20 61 15 87 76 55 23 35 21 28 93 95 25 92  6 54 66 30 32  5 68 86 98 87 15 75 34 86  1  4 60 75 88 11 23 33 20 85 69 32 14 89 12 56 26 57 24 57 85  3  9  5 76 15 62 83 64 46 43 26 13 49 57 37 48 10 13 34 46 56 93 80 84 81 15 86 76 24 39 57 76 81 86 78 94 33 10 27 12 55 97
 21 88 54 16  8 34 74 11 24 77 19 12 17  8 59  8 88 21 75 29 83 76 35 19 18 60 84 80 62 20 33 19 85 50  2 39 88 94 67 85 18 31 72 96 88 41 89 76 93 36  4 21 91 76 86 47 89 81 88 41 18 49 22 59 96 70 85 46 75 10  7  5 18 42 92 86 59 90 87 82 10 79 64 50  4 29  8  6 60 79 85 35 35 51 35 24 65 15 11 99
 74 21 53 51 80 67 91 44 11 71 10 26 62 93  1  9 82 71 79 65 39  6  3 46 36  5 19 70 61 20  3 98 51  3 56 47 46 86 92 92 25 14  1 39 42 23 45 28  9 23 29 94 65 55 80 92 23 25 44 14 54 48 15 45 25 36 49 72 57 14 41 91 72 84 61 97 90 34 13 47 51 51 41 10 81 25  5 85 56 18 36 18 62 55 70 22 21 50 44 39
 82 10 53 40 16 63 94  4 54 33 22 95 39 81 93 17 64 94 35 52 31 16 69 85 77 45 83 97 43 64 29  2 27 91 40 96 66 62 75 50 68  1 68 91 50 78 67 23 36 92 65 13  5 62 60  7 56 19 23 84 50 17 77 63 25 17 73 62 10 63 64 25  1 50  7 59 93 95 41 20 69 37 21 91 12 64 94  5 32 26 16 55 75 27 90 84 86 14  7 36
 59 31 80 74  7 14 53 47 34 53 80  9  1 74 62  6 47 58 60 88  8 88 56 82 42 64 63 10  7 69 92 12 44 93 83 16 65 95 60 60 62  3 44 23 14 98 53 10 31 30 81 46 38 37 64 36 90 93 90 71 15 38 57 63 38 35 60 56 14 17 29 71 60 86 24 14 14 69 18 94 99 13 41 49 20 35 85  9 87 27 28 13 90 46 55 78 52 16  7 15
 78 63 21 88 96 44 57 12  3 52 88 61 66 93 29 33 37 60  6  3 14 42 20 19 90 10 27 76 58 67 28 54 66 46 78 91 85  3 49 74 23 60 61 57 79  4 59 53 15 21 73  4 14 52 47 66 93 65 91 61 55 76 64 45 58 25 98  5 64 31 38 37 39 62 57 69 41 25  3 86 97 37 83 78 86 98 22  9 22 44 37 32  3 54 71 86 49 89 27 50
 37 28 56 33 26 17 43 75 16 19 65 20 28 25 60 64  9 58  5 75 18 35 86 56 99 99 95 22 30 26 41 62 15  2 10 48 93 50 51 39 26 86 21 83 52 25 14 66 20 60 38 48 31 88  5 73 29 95 66 73 84 41 40 59 76 92 63 77 62 69 80 73 84 93 89 90 89 94 13 70 35 41  2 44 94 12 59 62 77 51 64  4 98 42 77 81 20 54 45 15
 22 94 75 49  4 22 77 80 35 94 96 38 37 17 14 14 15 88 49  6 14 41  4 61 23 73  6 58 69 60 50 27 64 29 43 88  2 69 17 56 21 42 28 65 79 19 78 20  2 37 90 42 53 32 26 74 95 89 68 34 65 10 63 51  4 58 81 76 48 80 53 53 71 65  3 96 44 67 38 96 54 14 99 64 91  9 21 93  7 48 80  1 46 58 35 27 55 80 40 13
 24 47 27 99 39 26 24 66 92 98 35 92 26 16 78 25 51 37 62 72 27 71 68 81  5  4 34 35 56 31 81 32 58 10 64 25 69 89 32 25 63 62  3 99 33 57 93  1 35 18 84 53 49 52 57 85 45 84 52 52 93 66 90 49 83 89 76 96 65 60 89 87 71  1 21 35 11 61 34 89 67 54 68 77 29 58 92 40 88 97 46 22 44 97 52 66 28 99 68  4
 81 80 33  8 24 98 76 30 48 44 96 97  6 91 38 56 42 37  9 31 56 18 40 85 29 54 96 45 49 85  5 48 45 24 43 62 46 27  5 12 89 34 88 57  6 76 34 67 51 11 82 93 82 48  3 67 55 22 56 62 18 89 21 84 72 66 38 31 38  9 82 88 39 78  9 17 57 22 67 52 66 45  9 67 38 54 10 96  2 58 96 26 99 72 69 11 55 82 59 25
 64 28 64 11 27 35 19 28 87 11 25 54 18 19 59 77 83 36 71 68 57 28 57 57 52  4 52 40 99 87 46 49 37 68 86 10 41 22 90 93 25 37 19 96 34  1  6 40 34 82 51 67 45 38 74 91 81 42 27 55 66 94 10 81 33 12 90 22  4 65 34 54 19 48 87 65 29 34 85 17 99 80 91 94 79 82 78 64 69 26 60 48 34 47 74 76 38 23 23 53
 17 45 27 53 92  6 95 30  2  3 18 16 71 92 41  9 52 18 97  9 22 62 89 53 69 25 48 40 59  3 45 15 70 33 30 88 40 88 13 88 77 80 14 79 87 51 16 96 95 49 44 65 59 49 63 95 81 47 78 34 84 29 72 10 39 80  1 64 89 37 83 66  8 42 97  6 48 46 63 67  9 53 91 50 86 55 38 68 73 68 91  5 58 56 17 35 42 55 17 28
 75 24 53 31 93 72 83 66 90 44 29 68 38 87 29 86 34 65 47 35 57 11 32 82 42  1 93 41  3  2 43 80 67  6 99 97 70 24 48  9 56 11 45 93 84 44 22 26 70 84 79 82 84 54 27 15 89 88 65 84 28 20 64 43 92 30 33 39 68 85 11 14 65  7 77 81 69 89 12 46 37 53 46  8 28  6 63 48 55 69 22 42 47 15 69 34 25 21 33 93
 73 60 24 50 75 58 36 50 91 74 81 70 23 93 66 53 96 77 63 12 35 92 57 32 97 30 73 46 91 52 97 19 28 21 16 81 59 45 63 49 42 38 83 52 92 36 22 49 63 56 44 51 75 34  8  6 48  8 29  8 12 61 60 32 64 13 71 59 91 68 82 98 76 35 78 58 81 26  3 80 90 39 90 32 32 34 69 81 55 13 15 17 87 11 12 48  2 65 35 98
number of jobs, number of machines, initial seed, upper bound and lower bound :
         100          20  2115448041        6358        5979
processing times :
 28 25 61  9 69 77 21 40 98 65 54 75 57 49 13 31 76 94 28 42 81 97 33  5 88 29 99 77 51 39 54 90 30 54 76 65 10 70 78 29 59 16 13 29 64 69  4  1 95 16 30 40 92 77 67 93 80 88 48  7 96 33  8 40  4 55 43 73 90 68 79 50 62 47 22 54 94 23 14 60 13 22 57 23 97 11 53  3 18 66 75 51 81 90 17  6 79 71 97 76
 54 54 63 93 38 71 28 94 46 31 11 46 35 99 30 73 60 30  7 63 43 29 96 25 73 19 65 98 93 52 62 84 27 15 17 86 18 83 69 33  8 27 43 92 33 26 68 44 78 37 81 74 75  7 23 24 21 73 27 91  8 47 65 36 87  5 91 17 82 26 89 73 90 10 63 81  1 51 65 24 22 98 93 99 72 57 67 60  2 48 72 93 75 45 41 96 20 31 94 45
 92 47 70 22 31 11 69 72 44 64 95 99 88 83 38 13  9 92 74 28 23 33 44 77 62 59 53 13 75 67 97 25 36 85 96 77 34 24 82 39 36 13  6  8 26  2 52 41 20 53 45 70 51 83 54 62 68 43 28 28 62 56 79 15 53 70 90 86 23 94  2 73 13 59 30 47 62 22 73 22 46 81 13 38 31 83 37 59 98 21 65  8 50 27 29  1  2 19 22 42
 60 59 50  9 17 53  7 43 61 61 80  1 37 84 47 18 41 26 89 54  5 27 80 42 46 93 13 53 33 88 40 89 89 73  9 88 94 69 72 83 60 43 87 53 10 79 59 71 65 25 36 88 37  7 11 61 66 15 47  8 50 47  4 74  4 11 69 52 17 61 29 39 67 28 22 90 51 66 58 63 43 77 93  8 29 98 98 17 56 19 53  4 98 12 65 53 23 72  7 75
 44 12 19 86 17 49 61 81 37 10 48  9 49 49 56 44 11 86 29 71 23 15 62 73 84 93 38 60 35 83 56 61 85 40 77 67 58 41 99 96  3 36 33  8 40 43 16 75 15 81 43 88 23  1  4 10  2 39 97 11 28 27 19  6 50  3 61 52 91 53  5 64 69 99 32 43 99 29 73 14 79 54 46 33 87 28 78 27 53 11 99 45  8 64 77 29 94 16 45 30
 27 70 48 24 73 82 14 32 50 69 98 59 45 66 66 43 17 69 66 64 90 60 31 36 25 89  5 32 48 47 73  8 51 24 51 68 97 49 32 88 59 96 45 49 73 91  4 79 35 37 42 95 84 53 27 61 79 15 64 63 83 45 14 71 89 56 55  6 74  4 90 73 34 16 10  7 14 11 52  5 50 48 43 11 99 86 70 77 39 21 27 82 42 81 72 92 58 93 61 68
 67 15 52 36 83 78 42 27 90 11 14 97 91 50 10 64 90 27 69 23 60  7 95 56 89 14 78 48 11 16 61 76 35 32 63 33 34  4 97 34 58 59 51  7 54  8 42 94 26 69 35 19 94 26 93 88 81  2 78 31 60 44 51 99 70  3 44 30 75 35  1 99 57 18 85 16 17 62 77 62 51  6 49 45 88 97 52 57 45 20 78 21 24 32  6 54 91 73 47 58
 74 39 70 78 72 70 29 69 94 28 38 55 75 43 82 15 55 91 96 74 30 68 14 36 74 83 43 78 48 72 64 83 61 31 16  6 72 25 85 89 68 83 14 55 97  3 16 89 14  1  6 96  8 13 32 64 67 20 37 63 63 94 97 74 23 34  8 64 99 78 11 90 61 38 30 61 76 69 97 45 38 36  3 30 26 45 85 33 11 83 97 67 76 28 15 90 12 88  9 99
 67 23 25 92 50  8 78 46  3 44 84 21 48 15 76 11 80 82  2 84 90  8 61 53 84  2 86 91 67 86 92 95 29 24 79 30 97  9 32 35 35 40 82 17 96 36 60 88 12 76 94 78 22 74  2 99 74 51 77 61 53 29 97 28 84 87 31  2 19 33 26 22 28 25 29  6 16 51 47 26 44 83 66 78 60 22 41 66 64  3 17 78 48 56 20 36 91 95 81 98
 58 59 41 23 18 30 39 54  9 65 72 90 31 27 28 66  5 45 31 10 67 21 25 14  9  4  8 19 64 35 53 81 93 22 26 20 61  2 97  2 47 23 27 21 36 62 29 17  3 70 14 44 73 89 71 21 90 28 36 13 85 82 57  1 72  7 25 97 90 51 28 83 91 80  9 59 27 69  2 41 81  8 24 82 35 72 76 91 18 45 83 95 29 69 14  5 92 17 93 55
 39 18 75 33 91 20  2 91 18  6  2 40 10 48 65 67 36 83 14 84 65  1 77 35 42 99 82 26 39 18 74 75 46 88 63 25 76 85 56 24 50 43 68 42 49 93 78 43 36 51 45 72 74 36 35 41 36  3 13 24 34 34 22 17 14 17 60 44 99 64 55 67 78 12 96 13 53 70 80 52 77 17 79 51 77 99 12 13 35 20  6  6 91 66 73 88 25 16 37 58
 10 22  6 39 59 27 42 27  3 79 34 77 92 97 27 68 29 36 21 37 24 53 26 45 99  8 53 33 24 77 78 96 71 78  4  8 11 65 68 53  6 36 73 27 72  9 18 26 16 64 37 53 87 68 64 47 72 85 89 94 31 86  1 40 21 10 72 21 97 96 15 66 51 10 55  8 22 72 23 45 90 75 42 92 57  1 44 21 52 96 24 69 76 61 59 87 81 94 50 33
 20 29 50  6 49 95 38 34 71 50 83 45 48 65 46 24 44 76 42 51  9 56 17 39 79 27 39 62 57 56 13 32 88 18 52 73 10 63  1 58 66 25 14 31  3 85 20 89 15 50 44  3 12 73 61 34 52 37 61 27 28 24 35 26 32 48 16 30  3 69 42 14 56 45 61 58 30 31 44 51 17 94 85  3 59 54 36 42 96 69 80 26 33  2 61 47  6 95 48 44
 96 20 20 25 82  1  3 76 37 75 73 80 59 63 51 66 90 58 24 69  7 74 48 61 33 66 25 31  1 73 89 83 87 16 56 29 22 71 92 11 29 26 82  4 38 64 90 54  6 85 58  7 94  5  6  5 71 94 59 51  6 79 30 61 83 89 96 54 85 88 46 80 19 67  8 78 58 41 51 74 70 38 24 52 17 93 95 35 22 54 31  3 34 43 20 73 87 29 51 70
 34 62 86 58  5 41 38 84 67 62 73 77 11 10 20 93 40 80  5 37 33 70 32 15 28 99 50 86 82 85 28 68 85 98 18 51 74 79 97 19 92 87 69 42  3 12 81 97 26 77 69 67  4 68 51 49 18 24 49 73 79 81 92 57 39 15 56 36 31 60 89 64 36 72 42 19 67 78 12 57 26 28 57 74  8 30 31 36 84 82 49 35 83 69  1 69 50  9 52 99
 87 47 11 84 54 88 83  3 39 13 33 58 46 32 87 67 52 24 18 60 71 50 68 42 41 50 31 69 10 42 29 96 27 43 31 61 45 26  7 28 63 23 33 93 67 89 75 50 65  9 56 12 36 19 50 60 69 32 17 64 64 40 31 59 82  6 26 43 34 48 68 74 86 51 43 18 27 57 59 33 21 98 96 79 91 91 89 92 30 36 28 31 25 79 45 43 80 30 29 48
 45 25 46 38 26 37 28 68 68 17 49 85 69 49 41 29  5 87 73 52 94 56 94 44 55 41 21  3 90 32 76 20 28 32  5 57 30 70 95 75 39 26 92 10 32 53 62 35 45 27 88 35 53 13  7 74  5 77 91 77 53 74 68 39 95 32 57 48 43  9 66 15 64 45 86 56 71 62 71 78 13 73 40  4 29 83 63 90 67 18 40 98 94 84 96 81 73 54 38 36
 62 61  2 67  9 41 30 94 17 98 49 45 16 85 39 38 13 61 52 63 83 60 46 56 70 55 75 42 62 85 51 16 31 44 58 92 23 66 88 88 96 53  1 56 37 82 24 44 15 16 15 81 56 35 27 43 65 18 91  5 72 25  3 15 62 35  7 43 57 39  8 31 42  6  5 79 56 20 85 94 94 80 58 63 60 79 26 19  4 58 67 55 79 53 39 13 34 12 28 57
 15 94  8 91  7 47 61 40 49 43 96 84 44 89 68 95 94 54 40 30 21 49  3 17 72 84 98 23 42 16 80 30 12 65 24  7 40 70 93 49 89 17 95 33 68 97 73  8 68 54 95  6  1 43 19 48 38 17 50 97 76 41 98 94 77  9 81 53 75 40 48 30 49 66 56 39 68 69 32 70 49 70 54 60 28 39 71 68 95 72 21 46 17 85 92 79 57  7 81 73
 29 41 93 48 35 75 36  8 49 51 22 83 54 59 61 34 45  4 87 61 96  9 99 39 83 14 37 86 49 84 21 78 93  5 14 23 73 76 79 22 94 68 39 50 31 30 38 43 40 56 31 23 85 94 55 94 78 81 34 77 77 56 47  3 65 17 21 81 72 30 44 13 90 77 22 75 87 24 83 21 41 22 40 33 73 33 41  5 47 69  1 80  9 88 91 16 65  4 85  6
number of jobs, number of machines, initial seed, upper bound and lower bound :
         100          20   118254244        6465        6298
processing times :
 50 69 14 61 88  5 52 87 92 78 25 40 79 79 24 91  3 19 91 27 29 90 63 28 93 24 63 52 45 64 61 96 35 19 78 27 57 17 80 31 65 29 36 73 51 14  8 65 95 84 49 70 89 57 52 11 32 54 70 76 52 50 84 27  6 44 50 89 87 14 96 30 82 75 55 90  6 63 37 40  2 71  2 17 17 94 36 47 89 37  6 56 79 62 82 83 98 49 43 23
 43 66 85 81 68 48 63 73 92 63 42 72 71 46 56 79 59 55 91 25 47 82 54 64 45 33  9 84 94 83 19 95 81 41 12 62 99 77 21 36 56 48 18 97 87 33 85 42 60 71 36 29 69 59 83 37 55 85 77  1 76 69 81 67 62 95 15 78 88 82 61 58 92 15 17 66 22 21 90 67 49 57 58 86 60 94 65 40  4  9 39 51 64  9 48 57 61 61 92  2
  2 38 79 78  8 87 75 53 96 27 25 41 99 25 16 27 92 37 74 78 93 73 66 16 18 67 10  3 75 35 42 11 81 37 62 44 60 13 76  8 16 98 36 13 36 40 59 61 69 53 30 47  2 38 39 24 47 89 46 56 90 36 26 23 36 54 57 35 33  5 74 93  5 79 37 56 43 93 36 92 86 84 87 94 45 48 54 15 92 27 84 41 13 98 97 29 99 97 63 36
 37 31 36 73 88  9 51 24 65 99 22 34 44 43 53 44 10 79 73 30  5 49 32 87 85 84 67 16 91 94 61 36 61 21 16 57 29 53 59 43 98 89 17 22 67 86 44  1 36  4 59 28 43 32 58 69 76 49 48 90 41 21 65  7 83 12 72 27 58 20 92 63 27 27 96  1  9 75 85 75 18 22 84 16 79 50 47 78 93 56 96  6 41 78 30 90 58 60 38 71
 66 46 31 21 54 71 42 81  8 32 12 41 12 71 31 60 25 18 81  7 55 33 41 34 32 75 69 57 79 61 93 98 74 76 80 49 93  9 68 96 93 66 60 36 79  6 59  3 44  7 72 12 69 50 41 75 48 48 92  8 83 31 66  5 64 59 10 97 86  6 34 79 32 88 98 44 49 66 61 46 21 40  6 93 65 57 43 58 54 36 72 37 21 51 19 29 92  3 86 77
  3  3 42 46 84 38 92 86 93 22 26 93 64 32 75 63  5 55 14 63 71  8  6  3 46 65  5 74 30 49 25 95 43 12 14 83 90 10 40 33 48 52 78 26 76 34 20 32 42 88 36 78  6 59 89 48 47 68 86 75 18 61 49 20 65 55  5  9  1 84 37 75 16 46 44 72 81 79  6  4 84 27 14 88  9 38 18 88 69 28 20 52 11 44 96 45 38 71  9 32
 14 68 51 62 67 21 94 64 43 12  1 86 84 87 80 38 15  4 13 46 20 27 28 83 18 41  3 45 91 18 57 84 28 31 74 98 14  2 90 59 23 17 82 21 83 79 24 23 35 39 19 84 55  7 37 62 25 90 78 49 21 27 90 52 18 95 38 82 76 99 43  5 19 73 45 82 55 93  9 74  9  5 12 65 86 35 61 43  3 11 98 94 61 87 59  9 48 61 61 51
  7 95 72 16 15 69  4 31 16 26 15 28 24 55 19 15 20 63 43 76 57 74 81 74 88 26 72 23 84  3  6 68  8 69 57 41 44 54 24 92 23 66 65 54 44 18 62 71 33 97 17  9 15 43 85 85 39 92 55  3 85 49 76 91 17 30 66 22 21 75 59 52 83 32 49 47 60 42 90 81 94 78 22 22 83 82 87  2 66 44 36 78 28 89 51  8 57 49 86 82
 53 63 79 98 11 89 22 50 86 84 56 32  4 87 58  3 99 81 51 35 41 37 21 26 50 50 65  8 62  7 83  3 90 64 46 96 69 59 26 57 89  3 20 33 75 54 36 37 64 34 32  1 51  6 57 48 27 28 13 91 71 76 26 16 27 76 65 82 57 25 72  7  8 73 59 26 34 18 78 67 93 99 33  8 32 71 70 84 26 59 55 46 57 53 44 63 83 55  4 20
 96 28 67 99 97 35 26 61 11 95  3 24 65 76 58 19 42 28  7 48 16 23  7 13 91 99 99 21 67 31 61 22 77 70 29 32 24 79 22 61 53 31 73 20  5 16 34  5 50 73 93 32 71 45 10 66 36 53 98 80 97 19 39 93 47  3 64 12 68 28 14  4  1 67  8 61 23 14 58 75 50 64 17 70 40 75 88 65 62 54 61 98 29 14  2 11 78 65 63 59
 30 34 90 42 56 24 36  4 79 60 74 94 53 74 54 48 80 71 91 37 32 59 82 39 98 75 55 59 45 96 28 78 64 93  5 29 73 68 42 63 14 37 63 39 40 25 74  6 85 76  7 54 27  6 83 80 62  4 59 68 27 85 37 19 53 11 13 64 80 52 17 79 76 33 21  7 69 19  6 65  7 88 86 98  2 62 64 40 17 33 93 40 58 82 20 60 48  6 61 35
 57 11 72 35 66 56 36 16 96 97 59 65 87 12 13  5  6 55 95 82 55 16 56 49 33 44  8 23 83  8 73  4 73 85 37 17 46 22 44 95 80 38  7 51 26 74 90 13 13 70 95 83 47 23 34 26 64  9 31 51 87 91 35 21 70 48 31 98 97  8  9 41 13 83 81 50 66 42 81 26 59  6  4 22 63 31 54 49 13 79 17 53  3 44 85  7 69 57 74 50
 64 13 43 55 58  8 82 37 76 90 42 35 10 15 21 47 30 12 83  2 27 80 13 10 30 18 29 65 80 71 64 59 21 46 47 89 69 81 24 29 77 68 55  9 20 13 21 79 96 33 87 91 60 42 48 59 98 54 97 99 44 93 74 91 94 30 52 17 96 44 46 87 97  9 18 18 77 47 26 74 97 47 81 59 11 94 90 23 78 86 15 45 27 22  3 50 76 90 99 52
 70 86 95 81 48 38  1 97 24 69 61 84 46 92 12 97 65 14 90 80 33 47 59 81 90 72 50  9 89 54 26 35 60 38 21 55 70 79 23 92  7 59 49 25 50  9 16 79 30 96 96 98 56 95 44 90  5 51 47 69 60 43 18 92 82 27 74 76 57 96 96  9 16 12 88 59 39 42 76 17 35 65 87 96 35 93 61 15 86  9 39 64  3 90 25 17  3 94  9 76
 65 75 38 51 65 87 86 35 58 65 72 24 70 41 73 41 80 14 69 23 33 70 99 75 50 83 67 97 48 38 99 21 17 97  8 69 63 71 80 93 27 30 48 31 36  2 94 87 52 62 85 35  1 76 35 27  6 64  6 79 23 33 17  1  9 29 49 20 50  7 46 86  3 15  7 76 97 89 93 92 58 23 93 54 14 33 82 88  3 73 18 85 22 90 87 97  1 89 98  7
 92  1 39 97 92 59 60  1 78  3 65 80 98 76 40 58 36 23 22 21 48 47 14 91 86 66 50  6 33 74 44 20 58 20 82 98 63 33 61 93  8 18 95 57  8 93 88  6 94 31 99 69 22 83  5 50  2 39 53 39 98 33  7 54 71 21  5 13 70 57 27 38 55 93 12 66 16 31  1 42 26 96 14 57 34 43 73 68 19 12 23 92 95 24 16 66 81 55 52 79
 28 48 54 78 29 29 63 15 12 48 22 39 83 15 73 89 27 23 11  8 52 83  4 84 52 58 91 47 13 27 10 94 85 46 97 47 57 51  3 61 91 26 78 45 33 31 94  4 37 83 54 68 32 94  4 48 36 77  6 89 61 65 91 78 39 73 20 92 66 92 30 90 62 86 98 17 30 53 56 32 52 19  1 33 75 22 97 47  6 58 45 94  6  4 83 55 10 72 25 12
 39 60 80 99 48 97 28 84 11 98 37 93  4 73 61 84 16 80 14 70 69 95 13 28 67 68 35 10 79  2 10 56 77 96 74 12 94 14 68 86 68  6 14 70 87  8 22 64 61 23 93 10 28 84 44 21  2 24 79 91 30 93 41 49 28 13 43 29 45 22 91 74 25 99 40  3 85 70 42  1 28 48 94 63  2 89 68 21 84 37 15 54  2 70 77 86 83 54 45 27
 75 81 18 12 29 83 78 16 73 38 18 43 38 83 83  6 45 91 39 77  5 94 89 79 81 94 62 25 17  6 19 89 65  5 54 14 96 77  1 88 16 93 35 91  1 66 68 10 33 37 42 29 16 84 15 83 42 28  7 40 28 59 63 10  4  6 90 98 12 76 35 14 43 72  3 94 28 31 75 55 79 37 68 97  4 51 72 87 47 55  2 92 28 27 40 94 39 82 90 32
 16 60 31 34 94 94 18 30 84 95 37 80 37 31 26 30 32 49 33 30 96 74 81 24 28 48 78 50  8 86 81 17  5 27 41 73 98 23 24 21  5 66  4  7 68 85 34 69  5 24  3 91 18 61 36 68 68  1  9 35 54 18 38 19 82 43 60 43 46 91 66 52 53  9 45 67 38 48 21  7 11 19 85  7 56 79 54 45  9 33 61 39 19  8 85 86 80 57 38 62
