number of jobs, number of machines, initial seed, upper bound and lower bound :
         200          10   471503978       10868       10816
processing times :
 17 37 22 71 79 37 69 53 59 64 11 67 27 64 59 31 43 42 56 88 71 86  6 54 92 75 83  2 60 62 83 73 55  3 71 34 40 13 62 56 28 53 71  5 73 95 23 49 17 81 88 62 35 78 90 36 46 98 75 36 74 86 67 87 68  1 87 87  7 34  1 91  7  6 46  3 45 55 92 67 13 30 27 19 51 86 20 95 79 48 83 91 78 41 61 90 57  4 21 68 87 62 69 79 69 35 25 68 14  9 74 61 58 81 52 93 44 57 89 81 69 98 78 70  3 70 62 81 61 65 65 33 62 19 57 82 78 94 65 14  9 29 70 90 86 12 40 12 64 32 18 11 40 14 22 49 95 82  7 19 95 39 71 34 89 63 85 60 91 49 46 10 19 50 65 41 58 62 45 67 64  6 77 94 24 38 73 59 61 14 59 83  3 46 16 56 40  7 79 55
 30 26  2 29 98 67 92 51 53 82 86 47 36 23 34 66 43 71 31 36 41  6 28 43 18 64 28 13  7 13 93 93 56 72 71 28 95 96 55 58 66  3 77 80  2 82 86 16 29 24 89 96 99 15 49 78 48 64  3 63 14 95 88  9 61 24 38 50 47 42 30 97 49 79 19 80 30 24 58 43  6 95 43 99 22 99 11 99 60 42 33 68 78 26 77  1 13 67 87 31 49 90  6 76 94 76 79 66 51 14 89 87  1 65 53 19 21 98 90 45 77 54 86  2  3 88 39 56 24 91 86 80 58 54 57 42 32  5 43 80 86 47 95 86 40 31 61 12 64 17 52 56 35 60 75 10 50 66 53 58 12 66 81 51 75 71 46 88 58 73 27 26 38 48  8 14 58 89 44 16 20 69 67 80 81 82 27  5 44 38 53 16 48 16 31 79 75 14 67 70
 28 82 88 33 69 28 92 66 92 30 67 53 93 45  7 70 58 58 17 41 56 34 62 81 44 95 50 88 19 50 25 88  1  6 45 29  2 54 71 81 22 57 16 88  5 52 23 21 21 58 96 37 46 78 87 91  9 96 93 98 31 78 20 75 18 34 48 49 69 88 30 34 22 81 50 40 73 91  7  1 71 72  8 68 49  7 47 90 59 39 49 28 22 10 96  2 88 90 69 44 74 16 90  7 14 47 48 36 62  1 63 86 49 48  3 51 80 86 97  4 58 79 28 19 93 88 44 74 18 95  2 22  7 82 52 17 59 42 51 79 93 65 27 25 60 72 29 55 58 22 58 61 89 67 14 10 40 11 99  7 20 78  6 71 48 39 58  7 17 63 73 43 14 66 59 75 96 28 12 99 63 19 26  8 72 55 67  1 23 35  6 89 93 88 86 37 53 45 32 69
 15 67 57 64 23  9  1  2 43 73 94 96 78 14 32 23 83 29 75 55 91 44 46 59 11 20 68  3 17 55 59 18 31 84 61 55 46 77 59 98 23 18 17 70 73 38 13 77 74 79 51 48 16 93 29 28  6 82 40  9 88 51 48  1  4 77 48  6  1 32 79 40 14 20 86 40 25 94 73 44 98 94 61 65 44 75  4 17  1 12 78 51 55 53 96 92 82 20 22 13 40 43 23 30 16 76 30 59 64 72 61 13 81 25 90 67 21 70 96 99 64 68 61 36 57 86 10 57 88 59 73 43 25 37 70 97 29 33 99 34 96 65 90 52 95  3 64 21 16 70 67 13 96 57  7 30 96 98 72 31 11 36 10 20 26 67 13 60 50 28 32 49 54 46 15 49 94 63 96 43 73 19 19 81 82 69 13 85 32 34 57 69 63 49 56 37 54 60 97 44
 52 82 17 66 62 57 58 91 42 69 48 46 18 94 83 48 81 57 93 67 19 65 49 45 22 92 41 38 26  2 90 79 17 61 81 67 18  1 36 31 85 92  6 78 83 39 74 77 85 88 25 33 36 32 82 98  3 46 68 11 30 75 42 93 36 97  1 63 86 54 33 71  1 18 75 55 62 21 71 80  5 48 87 22  5 71 69 75 72 36 54 24 55  5 40 56  8 19  7 12 44 66 39 41 60 11 31 65 16 67 19 69 56 96 78 36 56 12 37  1 50 43 58 13 55 87 20 84 28 59 65 56  2 36 41  7 23 25 81  6 67  5 89 71 86 48 50 54 21 83 27 38 79 71 53  2  9 49 79 39 28 39 70 72 70 38 48 57 11 38 37 56 64 64 68 27 36 94 65 89 23 93 14 57 93 60 82 16 69 57  8 52 98 67 19 56 38 75 69 14
  5 44  2 98 27 10 25 27 41 59 89 36 62 29 17 37 35 47 37 52  3 87  4 50 96 74 68 30 69 17 34 95  3 24 51 55 60 61 15 38 83 62 84 44 80 48 45 54 71 10 96 23  8 56 35 72 53 13 72 38  1 69 85  2 28 18 10 70 67 95 72 64 19 60 31 29 43 17 78 28 47 78 77 92 42 86  6 19 28 18  4 24 57 82  7  4 94  9 57 82 98 54  2 71 94 69 51 80 79 85 56 79 46 71 85 52 42 66 82 91 48 70 21 82 12 94 17 45 68 60 93 30  5 31 30 71 29 82 20 13 94 47 57 95  8 46 80 32  7 34 33 33 18 29 19 74 58 52 10 70 78 59 32 20 12 98 18 12 57 73 91 46 64 92 45 86 84 15 99  8 87 61 42 25 35 64 74 40 89  4 43 12 28 68 46 23  3 70 81 14
 53 43 43 56 48 83 34 93 95 48 63 93 91 94 32 81 69 29 44  2 66 25 60 69 44 34 68 77 31 10 57 21 56 36 26 11  6 86  2 89 28 62 63 52 12 13 43 99 11 70 82 14 39 83  4 86 93 87 82 78 32 82 24 88 45 48 67 14 34 76  1 51 15 67 57  3 37 15 50 75 80  3  9 28 44  2 71 89 24 73 28 98 17 27 90  4 13 83 43 63 68 74 12 69 38 74 98 86 72 76 53 94 45 30 39 60 69 12 83 21 25 50 47 43 58 11 63 74  6 23 94 93 26 49 30 50 47 89 43 32 45 47 68 13 86 97  2 16 27 38 53 37 94 78 84 49 25 59 36 33 15 36 47 83 24 71  7  6 55 43 82 40 78 64 96 27 99 11 91 78 97 23 48 20 99 39 53  3 65 81 47 25 36 44 29 85 26  4  9 59
 55 65 38 76 45 99 84 67 40 93 70 45 75 91 21 72 15 73 43 62 40 43 96 39 23 79 66 19 41 71 60 72 62 17 25 59 95 47 10 94 39 53 50 99 63 59 30 67 18 12  9 41 67 52 39 90 25 13 81  3  8 66 67 51 54 85 10 95 59 64 90 28 48 57 85 78 18 59 11 67 36 24 59 24 39  1 80 58 76 59 90 92  3 51  1 55 50 15 31 99  8 44 91 83 75 66 98 77  8  6 26 47 55 39 91 78 49 23 92 68 88  9 38 60  2  8 86 62 41 66 94 54  9 75 43  9 10 79 10 97 39 30 74 52 90 12 61 34 88 27 68 14 88 74 71 14 16 46 47 54 91 89 59 39 52 91 21 90 58 74 30 63 19 18 88 22 43 60 20 32 67  1 42 95 84 37 30 12 87 13 60 92 52 51 91 76 32 81 57 71
 81 44 46  3 93 14 86 23 59 47 76 45 64 10  4 29 69 46 68 89 48 68 13 36 85 35 25 21 44 40 20 83 76 26 50 98  6 83 51 46 99 65 46 24 47 24 32 66 48 83  3 74 97 39 80 27 70 65  1 26 46  8 74 47 19 85 62 33 96 33  5 23 43 63 10 47 73  1 19 92 31 29 68 31 92 48 87  8 90 57 40 25 49 26 35 90 99 30  5 52 12 11 72 32 81 21 81 64 45  4 10 90 11 88 52 96 92 44 54 28 85 51 21  4 42 43 55 89  4  1 97 65 38 87 58 47 53 51 40 80 20 24 77 37 13 29 28 18 22 75 24 79 99 35 45 95 46 15  7 24 45 20 35 61 97 69 78 13 53 16 94 59 64 72 13 47 22  9 68  4 67 92 49 23 37 16 39 47 94 71 36 72 67 78 13 68 36 69 28 69
 47 51 44 27 76  4 76 49  5 25 23 67 55 40 58 26 36 83 65 91 77 62  6 57 87  4 11 60 23 87 50 18 23 24 82 16 96 37 29 19 26 56 33 53  6 95 63 84 13  6 19 16 80 37 20 62 81 52 14 67 19 86  1 53 21 33 68 28 25 69 71 60 69 99 53 77 27 29 83 22 10 42 64 80 73 91 38 60 53 38 19 14 35 10 44 97 17 50 22 19 70 88 31  7 81 58  2 89  1 80 52 15 25 11 97 90 62 69 34 66 54 84 62 71 70 60 54 52 71  9 99 41 30 23 60  1 67 55 64 21 16 94 11 90 48 85 34  7 79 95 50 78 39 79 69 27 42 15 51 44 71 32 66 49  8  7 44  1 15  6 51 91 33 77 69 28  8  8 48  7 55 51 89 61 82 39 89 47 24 79 86 60 67 10 61 60 68 72  9 47
number of jobs, number of machines, initial seed, upper bound and lower bound :
         200          10  1215892992       10494       10422
processing times :
  3 78 97 19 34 19 17 75 35 84 44 73 93 90 39 93 68 66 77 17 60  6 50 44 23 95 19 59 67 84 27 97 72 58  1 29 17 94 88 44 75 30 89 24 20 69 25 61 44 76 82 13 59 58 61 11 49  5  6 43 17  3 42 38 61 48 19  3 59 72 60 71 18 67 52 72 47 80 70 80  4 63 77  3 82 97 49 23 86 47 46 73 17 53 47 30  5 21 94 99 47 20 71 49 86 34 21 31 42 40 86 21 56 30 40 84  2 93  5 68 68 56 78 48 64 55 54 24 81 17  8 64 39 44 46 23 22 81 12 55 46 57 46 18 54 15 23  5 79  2 86 30 84 80 19 39 94 35 66 75  5 52 64 57 19 49 63 67 92 46  5 83 70 69 82 84 92  8 55 96  9  8 30 17 68 82 16 56 97 59 67 86 97 62 80 94 74  6 92 20
 87 15 28 65  7 84 61 41 24 18 74 72 12 47  8 61 13 75  6  2 15 13 56 22  2 93 31 84 48 84 19 30 44 75 80 89 61 78 89 78 53  6 54 30 46 95 84 26 77 18 98 87 75 23 61 83 12 73 61 28 72 22 38 72 16 68 91 10 58 11 94 24 75 16 21 89 32 49 73 82 91 86 64  8 36 55 89 37 10 58 48  1 54 43 75 53 13 70 15 57 78 51 59 39 15 87 89 68 44 57 68  6 55 10 32 34 38 27 81 80 88 64 98 87 59 89 39 91 78 10 94 22 12 89 28 92 18 51 92 51 14 55 35 27 35 74 95 11  5 21 70 65 53 59 43 11 15 23 98 85 68 82 43 46 45 26 62 78 43 36 56 65 10 29 56 11 76 81 31 10 69 89 36 29 73 68 69  5 61 75 37 26 35 67 87 62 40 79 49 76
 18 30 48 53 69 45 28 52  4 52 14 77  6 35 63 19 43 43  4  1 92  3 73 44  2 12 30 10 22 46 24 39 46  4 93 64 82 27 20 25 69  8 87 35 42  4 88  4 43 74  9 15 57 92 16 85  1  8 43 44 26 54 13 10 54 81 75 30 34 16 73 67 57 44 64  7 54 30 81 97 69 13 89 96 68  3 12 24 50 90 53 66 76 20 97  4 84 67 53  3 37 92 11  5 70 68 97  2  3 18 42 13 12  3 34 96 82  3 23 94 20 12 17 81 69 78  4 10 16 55 51  4 18 13 11 93  8 88 53  7 24 66 46 40 95  6 10 51 52 72 13 43 93 53 35 55 46 28 52 17 19 79 91 52 33  4 16 75 94  2 27 62 72  2 23 42 48 61 66 96 27  9 26 19 23 13 25 65 37 52  7 19 30 63 36 56 65 53 87  7
 32 28 63 90 30 94 81 19 58 57 75  9 46 88 76 29 33 52 53 52 34 23 61 59 41 23 29 52 28  7 27 38 36  7 52 45 76 49  5 98 94 64 70 51 45 74 80 93 83 29 98  9 66 49 35 97 49 42 84 37 67 87 71 84 23 78 34 62  5 33  5 72 49 22 95 35 29 72 87 13 74 97  8 28 46 22 51 71 70 45 91  3 16 16 26 55 17 16 22  8 97 60 58  9 71 29 15 58 55 91 30 46 96 46 99 89 39 27 67 28 66 88 55 50  1 53 90 31 52  3 27 81 12 84 42 19  5  4  7 29 43 93 38 74  6 99 92 94 67 17 90 10 77 93 27 14  4 36 84 57 31 69 12 30 35 17 86 41 93 10 94 91 71 67 50 89  1 56 42 94 36 25 67 40 19 14 79 47 30 80 64 24 74  3 24 83 11 89 78 49
 43 20 84 51 29 64 41 13 61 25 14 85 13 11 12 34 75 58 37 52 19 92 99 96 75 65  1 51 39 45 16 25 49 84 44  8 65 58 40 21 52 30 59 98 48 62  2 40 46 28 25 87 67 36 87 73 19 87 44 92 39 13 48 68 20 91 95 54 29 82 27 83 75 77 99 57 98 69 62 15  3 16 11 36 99 95 34  2 94 83  4 53  5 69 85 22 30 10 86  7 16 50 92  4 68 26 21 58 48 28 75 55 31 36 93 45 19 58 41 99 45 63 88 59 40 71 99 20 21 71 80 91 30  7 88 78 91 20 15 31 80 46 11 43 17 26 78 24 42 14 51 98 34  4 37 99 53 15 16 77 17 27 52 15 50 21 78 71  1 47 82 56 46 10 79 93 27 16 75 44  1 60 21 73 92 89 51 55 20 33 55 46 73 43 55 66 87 64 92 73
 85 97 69 92 88 61 65 40  3 39 52 14 40 18 14 55 56 58 47 86 47 42 77 78 42 22 10 56 81 94 27 92 14 85 87 88 45 69 89 27 70  3 86 69 63 16 19 71 48 83 55 32 53 34  9 45 31 61 96 87 78 65 15 23  7 17 67 95 40 86 65 65 65 51 77 13 18 21 80 59 37 62 86 99 12  5  8 11 23 44 85 82  3 58 49 38 65 92 28 49 52 95 41 60 91 83  1 92  3 20 27 35 55 67 10  7  8 69 28 59 34 24  9 17 84  3 19 66 49 19 73 51 46 23 83 65 60 83 51 93 87 88 34 26 88 90 38 73 72 17 92 50 11 76 92 62 88 53 46 25 79 55 46  4 74 65 90 24 64 15 41  6 44 52 15 84 36 37 47 99 10 43 18 23 57 69 55 51 98  9 86 74 40 67 58 64 24  5 74 40
 15 16 25 55 89 70 85 21 71  7 19 77 67 33 39 83 57 22 71 83 47 64 28 75  6 28 42 30 52 51 32 32  7 45 93 93 31 52 73 40  6 31 53 36 10  2 43 21  9 54 92 32 51  1 11 17 71 62 53 68 28  9 62 25 70 49 86 17 69  7 37 72 35 33 20 90 15 64  8 72 77 48  7 88 69 33 62 62 54 18 31 24 75 22 86  4 44 27 84 86 53 57 10 56 10 95 23 93 96 81 32 80 77 91 47 94 92 68 28 69 79 27 61 78 56 59 28 58 83 98 46 22 51 85 89 11 78 87 96 10 39 38 51 82  5 36 81  5 54 82 74 65 74 72 25 72 43 78 56 30 83 39 50 92 97 30  9  8 79 24  9 13 35 40 36 70  8 77 68  6 80 32 48 99 88 27 28 29 28 91 60 86 81 82 17 20 91 46 14 64
 77 92 61 36  6 17 31 19 42 17 85 86 54 99 19 78 67 26 25 89  7 38  1 10 88 50 31 80 53 41 14 40 80 42 34 39 19 26 74 39 93 57 66 39  4 92 42  2 72  7 44 85 30 67 69  7 43 63 82 44 15 28 30 83 55 26  1 58 45 62 40 67  6 98 35 96 63 33 64 28 27 15 94 55 19 87 94 39 67 83 21 59 69 24 74 70 38  4 44 32 45 94 91 86 26 27 52 49 59 95 72 75 84 21 31 27 71 87 48  1 71 46 71  5 17 59 73 93 67  8 44 46 28 96 95 34  6 76 64 92 50  8 86 28 90 49 78 59 22 53 59 23 88 79 47 27 66 58 97 95 26 83 22 56 90  3 18 82 72 83 86 72 69 62 75 81  8 95 34 57 26 16 10 98 11  6 10 71 73 47 66 63 92  2 47 12 79 71 29 33
 91 82 83 81 73 89  5 31 11 15 84 73 45 15 79 51 13 53 28 52 80 59 43  5 94 57 55 71  9 18  6 70  6 64 85 68 42 28 37 30 34 42 90  4 24 59  5 88 68 29 29 99 62 44 52 65 80 81 51 26  2 44 75 19 24 97 57 29 40 27 57 82 43 22 37  3 65 72 21 93 98 54 77 47 90 36 89 68 85 75 21 67 48 10 25 20 40 95 11  9  3 18  8 35  2 88 60 85  3 73 58  7 38 76 51 17 80 81 94 80 16 59 17 54 78 16 23 78 59 49 38 69 83 26 32  8 50 33 30 27 63 23 12 60  6 53  9 98 98 38 59 80 74 83 34 48 35 65 33 63 37 92 97 70 47 55 99 77 49 62 80 52 86 83 45 76 73 55 98  2 36 47 49 67 52 53 59 13 24 25 32 26 62 72 59 12 96 77  4 91
 82 63 58 32 59 48 41 19 81  9 10 16 20 27 31 87 52 72 92 45 71 52 18 76 15 69 55 56 70 49 97 62 67 35 49 11 56 71 34 78 60 19 93  6 78 77 39 78 45 95 47 92 20 99 13 91 10 34 35 12 43 39  6  6 94 74  1 68 28 58 82 86 17 44 30 51 23 51  3 86 73 60 76 79 99 19 61 42 49 41 98 37 87 79 83 17 30 37 91 30 35 67 72 37 53 45 52 59 13 71  2 34 88 88 25 62 11 14 36 97 26 69 68 65 38 11  8 40 57 10 59 86 90 94 12 75 99 14 13 38 11 18 59 65 60 93 34  3  8 38 48 78 99 50 53 55 46 40 65 84  3 20 67 19 54 59 22 93 62 37 70 66 93 22 39 93 34 26 98 58 73 61 29 90 68 10  3  8 27 30 99 64 47 42 65 39 32 48 82  5
number of jobs, number of machines, initial seed, upper bound and lower bound :
         200          10   135346136       10922       10886
processing times :
 27 36 70 14 97 81  3 30 73 81 34 93 74 57 73 41 81 76 81 57 48 92 80 36  5 99 61 80 53 56 92 54 57 53 85 21 65 50 76 41 61 66 88 30 62 40 46 35 25 46 45 44 83 59 75 20 88 84 38 71 47 33 33 84 48 59 67 73  8 36 55 41  3 78 79 79 80 67 89 33 90 18  6 82 38  6 24 99  2 67 73 21 50 31 33 29  2 45 16 14 95 79 69 67 92 77 65 93 88 98 35 89 94 30 17 91 83 46 49 92 48 79 40 36 11 15 44 41 28 30 79 59 42 31 36 21 75 93 56 21 19 96 91 48 40 51  8 66 90 63  4 63 61  8 78 82  9 47 41 91 33 61 56 44 16  3 87 92 60 91 82 88 65 28 95 88 35 93 29 60 43 22 10 10 60  8  1 10 67 43 21 69 57 65 50 83 33 14 32 68
 37 58  7 22 31 18 48 29 49 39 77  2 24 79  9 77 28 39 76  9 10 77 79 79 44 34 56 91 93 89 49 26 53 26 37 43 96 37  7 94 36 80  7 40 49 57 54 78 11 41 70 25 15 48 25 87 18 81 35 81 42 18 20 63 80 37 89 18 72 84 95 80 43  9 80 74 16 32 93 85 96 57 19  2 28 35 60 12 77 42 21 70 64 87 15 38  6 90 32 17 32 53 86 29 60 23 96 34 33 41 64 56 34 43 83 54 24 65 22 98 77 55 54 17 46 75 80 67 63 87  7 87  5 63  2 87 90 83  5 64 16 32 14 68 41  8 59 52 68 20 51 99  6 72 69 80 25  7 19 87 83 72 78 74 63 21 81 93 85  5 46 71 98 49 99 21 78 97 68 48 68 16 37 80 56 10 80 54 73 84 80 40 93 27 96 11 56  6 57 55
 15 30 65 42 12 72 87  2 12 32 94 38 36 49  3 72 83 69 33 89 62 12 17 39 93 25  7 58 10 53 41 55 87 22 92 86 72 77 42 99 96 42 18  6 95 64 11 61 47 13 31 23 72 51 58 46 19  8 46  3 62 48 93 68 52  1 90 16 58 36 60 63 26 89 56 17 36 86 65 66 84 58 27 13 43 16 39 48 29 75 25  7 79 41 32 70 67 87 31 15 86 44 17 31 55 90  3 19 78 81 23 39 82 28 11 43 33 59  8 37 48 79 13 29  6 21 87 13 42 63 72  8  6 22 49 51 69 95 92 44 31 42 63 55 99 40 67  4 51 63 18 73 45  4 30 71 12 85 20 41 22 37 53 32 90 25 19  9 22 51 45 43 44 25  4 33 11 73 99  1 75 98 50 24 61 91 13 57 45 99 83 59 56 83 52 24 64 99 27 95
 76 35 82  4 75 68 80 32 76 11 83 66  2  6 14 53 78 18 95  2 84 17 49 19 20 22 79  9 56 64 29  8 59 65 57 34  1 49 12 43 60 31 48  3 83 20 93 44 99 96  1  9  4 79 56 38  1 40 88 54 71 15 59  9 57 58 23 21  5 41  9 31 81 25 87 91 29 30 50 63 55 17  3 24 81 76 28  2 58 77 24 16 49 77  7  4 17  5 11 82 31  9 55 36 95 52 79 73 51 57 40 62 72 86 46 98 70 59  8 52 28 15 40 44  8 31 81 54 59 76 62 73 16 37 39 89 90 39 90 12 58 69 20 81 46 86 60 51 99  7  4 10 79 89 80 63 29 80 54 99 45 59 69 10 67 45 49 92 64 76 53  4 43 29 73 98 76 31 66 11 10 51 27 84 79 78 40 51 10 39 54 31 67 65 63 91 44 42 40 77
 32  4 15  2 87 35  7 67 98 75 90 65 25 30 75  4 57 38 55 28 15 88 38 71 21 87  7 28 21 79  1 76 35 57 75 65  9 53 11 75 34 23 44 95 81 31 50 77 43 13 39 12 72 35 65 79 99 51 52  5 80 52 73 15 97 35 53 72 93 36 88 93 64 27 60 92 86  6 26 98 10 46 47 61 39 45 99 50 36 70  4 72 56 67 42 83 12 53 70 53 84 19 43 64  8 75 75 94 39 57 89 16  9 90 34 69 58 35 60 18 72 64 96 92 12 96 85 30 36 21  1 41 59 32 75 45 38 91 93 43 91 73 79 56 76  9 10 36 43 60 67 87  1  7 85 32 52 73 99 38 97 32 72 89 54 10 74 61 61 45 80 99 47 89  8 23  5 27 46 44 41 73 84 20 47 49 10 78 75 66 17 20 86 93 93 88 90 79 78 87
 60  3 84 97 75 73 80 31 45 12 22 70 81 88 22 91 33  5 21 57 16 28 84 38 97 98 82 13  3 97 64 25 22 21 58 49 12 77 51 73 27 34 77 29  9 16 92 49 57 57 74 17 51 38 81 94 32 35 32 90 13 77 79 19 75 82 16 13 25 64 88 14 23 15 79 66 48 87 77 72 77 76 50 38 67 53 41  8 57 41 36  5 35 27  5 67  1  3 55 21  7 63 56 12 63 61 56 35 92 88 91 86 65 87 81 82 82 84  7 84 16 43 14 85 83 32 28 39  1 82 89 62 21 24 60 92 64 80 35 42 42 76 93 95 34 85 12 76 69 71 94 86 34 30 41 51 16 95 23 15 35 44 61 94 94 72  5 56 88 76 50 86 45 97 91 46 86  3 69 14 14 14 64 26 19 78 58 59 19 59 39 62 52 15 90 56 79  2 39 49
  5 16 23 42 81 88 60  7 16 74 77 89 77 13 58  4 54 24 66 65 85  5 25 48 29 43 94 89 56 27 93  1 42 40  7 50 84 14 24 72 42 64 57  2 84 99 58 89 70 10 15 57 53 95 94 54  9 21 83 23 28 85 46 67 48  2 76 55 47 93 88 45 18 99 20 16 46 31 74 78 84 72 39 29 15 59 89 71 11 40 62 18 11 46 17 87 12 48 96 59 55 66 36 66 57 60 71 35 61 18 69 81 87 78 72 35 90 19 79 47 78 99 59 44 50 61 86 62  9 85 91 66 33 63 84 19 75  5 70 72 32 46 57 41 81 45 68 81 60 43 96 50 88 32 42 49 73 82  6 97 50 83 21 79 97  9 68  5 43 23 29 69  6  9 21 72 96 25 31 76 82 47 50 11 33  6 54 73 16 11 39 21 63 67 30 36 51 13 27 12
 70 21 47 18 17 44 57 39 48 86 53 73 93 59 41 81 39 11 49 37 70 79 84  1  1 78 13  8 39 17 83 38 10 73 41 16 43 32 28 87 41 42 45 48 92 27 76 27  8 36 33 16 61 24 36 66 10 47  6 74 79 39 84 64 67 41  6 24 17 53 47 21 91 98 80 62 56 14 39 77 16 69  5  6 66 82 84  6 19 67 65 65 46  8 28 40 35 22 86 75 18 51 10 58 85 21 96 14 99 66  7 40 55 37 35 37 85 66 66  7 64 83 60 91 23 12 92 36 98 66 15 12 57 63 15 41 49 42  7 48 69 75 55 50 94 59 67 20 29 74 51 84 31 98 16 53 66 61 15 31 51 71 51 58 39 84 90 91 22 63 91 22  6 44 19 33 68  4  8 49 67 75 22 21  9 41 37 82 52  4 28 61 70 98 36 54 91 14 87 96
 11 34 11 85 82 56 59 76 46 27 91 46 22 61 51 54 82 67 24 33 49 95  7 44  7  8 75 46 38 93 68 12 32 86 78 27 77 72 11 43 80 23 26 75 64 76 60 31 11 21 10 26 97 51 47 79 99 47 70 45 32  1  5 89 92 63 93 96 13 59 34 68 78 85 41 81 36 21 31 46 41 34  9 24 41 88 41 55 27 66 37  4 39 46  8 25 52 41 83 56 74 36 22  4 34 84 54 43 89 29 99 48 26 16 14 45 68 87 40 55  8 51 90 86 75 10 41 40 34 82 34 44 20 34  1 21 44  2 74 36 56 16 93 85 33 41 46 78 37 21 92  9 88  8 23 82 63 91 69  2 45 77 15  2 98 13 69 83 98  2 41 33 63 10 34 20  4 55 38 42 46 90 14 80 96 55  5 56 80 65 37 72 93 27 18 67  6 64 79  4
 67 81 59 68 16 95 57 84 44 80 73 54 58 41 24 95 74 38 25 15 40 19 70 20 61 25 31 63 98 72 91 50 34 97 44  1 44 73 78 32 39 77 21 20 31 92 67 80 26 68 56 11 34 90 84 80 50 82 40 23 19 34 78 11 48 98 86 95 69 65 49 24 70 74 48 34 88 52 97 16  6 15 64 47 49 40 90 93 51 18 16 59 56 61 72 22 35  9 33 40  3 13 84 97 89 52 98 42 63 14 74 97  3 94 76  8 46  3 14 78 26 85 46 63 72 32 77 54 45 77 74 84 65 17  3 71 74 84 38 71 49  7 35 88 35 62 13 40 73 24 71 70 22 11 97 71 36 38 51 21 90 87 87 82 14 99 99 22 46 78 82 52  4 98 44 18 61 80 98 52 67 58 92 76 99 10 78 36 19 44 50 54 24 27 16 61 72 34 25 51
number of jobs, number of machines, initial seed, upper bound and lower bound :
         200          10  1602504050       10889       10794
processing times :
 79 23  2 94 66 87  2 19 50 25 36 87 55 14 68 11 14 58 17 34 88 98 53  7  2 15 89 46 15 42 66 50 28 45 18 72 23 20  2 46 68 98  2 65 69 80 87 60 22  3 85 24 95 95 36  2 67 71 18 18 32 15 72 30 41 29 71 51  1 71 27 98 15 73 87 49 97 74 29 50 32 13 55 40  4 82 89 43 88 10 13 93 58 60  2 30 73 84 51 80 92  9 53 77 84 57 27 26 95 61  5 67 88 37  2 32 94 18 82 39 99 88 68 33 86 34 75 30 51 35 40 10 82  1 26  3 51 31 74 87 52 79 51 36 46  5 12 65 58 78 50 51 12 99 38 72 73 39 10 35 44 96 68 51  9 89 72 16 42 24 99 62 30 49 91 31 98 90 70 79 47  4 95 78 49 35 39 27 53 55 11  6 40 51 45 45 29 29 96 46
 63 55 35 95 20 22  7 96 58 10  4 73 76 25 45 80 89 97 99 46 80 37  3 41 20  7 12 61 37  1 97 66 88 56 63 64 25 67 99 20 55  7 19 22 47 85 52 62 81 14 98 96 91 25 65 61 34 33 27 95 15 31 27 45 86 39 50 22 26 50 69  9 98 39 61  4 57 79 80 24 81 28 38 14 92 86 85 87 70  2  8 26 56 56 91 74 88 56 58 74 93 18 35 76 43 58 34 26 79 36 29 69 99 97 52 62 76 51 41  9 56 65 84 21 66 95 10 90 51 86 30 41 70 72 81 72  8 28 68 39 76 15 96 61 85 22 29 67 69 96 14 93 20 27 84 78 73 38 49  6 58  5 34 84 45 98 74 25 83 62 29 99 48 97 18 61 81 74 48 46 47 96  1 27 45 52  9 39  5  2  1 32 80 23 16 17 29 31 65 27
 83 95 73 87 65 59 14 91 79 95 39 74 52 13 10 93 56 98 71 20 49 68  8 28 56  9 69 22 28 55 99 28 86 47 18  4 29 40 60 21 81 52  2 31 53 66 46  8 63 70 36 92 40 96 45 35 45 94 13 95 84 82 81 77 25 84 63 20 58 97 53 96 30 63 26 18 19  3 84 46 70 50 49 90 64 23 38 63 87 19  8 48 22 74 82 67 16 74 57  2 37 18 12 45 49  9 77 85 57 97 52 19 27 90 33 78 58 86 11 33 47 68 35 60  4 52 52 38 81 21 21 89 46 48 65 31 43 28 86 77 88 26 99 36 30 98 66  9 95 73 73 95  8 72 52 34 65 21 56 11 60 91 94 94 76 32 71 17 53 50 90 36  6 42 74 17 45 26 57 33 51 48 45 21 79 54 22 32  9 22 26 68 80 35 86  7 92 30 17 71
 65 94 77 47 42 67  6 70 42 26 49 64 60 14  3 36 17 61 11 98 14 76 94 49  7 99 20 73 87 92 78 14 62 99 94 22 45 44 36 88 76 61 62  7 50 67 50 45 63 31 83 52 89 53  9 27 56 10 74 76 13 26 80 76 15 89 86 94 74 72 44  4 63 19 12 76 60 13 50 45 99 85 15 84 18 65 30 73 25 19 88  2 83 26 49 58 72 26 43 68 49 50 96 79 47 54  9 81 26 76 59 69  5 74 49 41 11 62 28  4 18 59 40 72  1 11 96  3 83 31  7 59 53 77 94 28 43 20 71 80 76 23 54 73 50 58 45 88 19 44 49 30  1 40 79 78 28 91 61 18 18 90 20 47 46 45 59 14 49 14 68 88 24 43 87 82 96 21 46 93 29 12 94 96 40 84 35 45 38 84 17 43 91 25 18  8 41 78 37 66
 35 52 46 86 25 73 17 40 66 21 24 94 86 35 58 66 30 97 44 81 43 63 43 50 86 50 96 35 67 36 96 60 65 53 86 45 88 95 86 98 46 78 74 26 43 63 29 67 83 62 68 80 55 41 17  5 71 48 44 22 69 21 47 37 90 63 25 53 32 60 15 40 42 27 24  9 44 57 25 92 10 47 76 87 91 25 17 77 24 51 89 69 90 78 21 13 40 55 40 91 83 76 23 40 55 15 10  6 70 21 57 40 43 37 75 44 95 33 41 82 21 27 64 95 41 21 45 37 52  7 97 65 24 55 52 17 51 81 76 44 22 48 24 18 29 93 18 79 74 22 29 87 67 50 30 56 17 22  6  1 24 39 21 93 13 83 44 48 70 34 77 82 69 14 85 48 67 12 15 24 88 81 95 26 25 31 47 30 53 19 68  6 68 34 15  3 17 62 28 14
 53 52  9 62 68 92 93  6 80 28  1 28 41 90 19 51  8 38 19 54 27 79 67 75 57 74 11 80 75 17 78 58 13 77  7 38 97 22 57 93 42  4 16 95 76 86  2 91 76 10 34 48 47 62 80 60 16 63  8 29 39 70 95 44 84 86  7 98 40 37 32 80 26 58 16 55 47 54 30 38 43 38 96 45 95 35 23 24 77 36 85 14 92 69 95 64 87 67 36 53 65 57 10 17 46 97 77 27 67 34 19 33 21 70 22 43 25 66 18 50 68 30 31  5 88 32 56 36 93 71 45 39 22 19  2 31 99 74 52 22 43 77 43 22 52 75 13 98 15 15 11 60 86 52 69 14 85  5 40  4 13 38 13 17 37 89 67 86 92 89 69 67 19 41 84 10  6 22 19 63 60 67 22 88 27 32 19 42 57 40 97 22 88 98 62 29 79 40 44 62
 51 17 35 11 25 90 89  3 13 76 44 66 12 94 47 22 40 48 52 85 90 16 77  4 24 29 29 56 17 95 74 56 61 97 48 55 33  1 29 39  5 51 94 36 94 19 22 53 98 63  4 61 66 28 37 55 96 28 77 87 34 32 92 27 80 69 54 19  7 82 24 91 52 35 60 62 87 68 42 80 14 49 20 74 31 21 71 33 46  8 33 58 20 28 93 40 40 44 18  7 56 94 37 68 11 17 90 31 85 64 44 54 61 78 91 40 45 33 70 58 83 14 48 65  8 30 77 90 60 50 19 13 49 12 98 16 37 97 14 47 35 55 23 35  6 16 25 78 84 71 70 87 53 97 27 63 84 16 71  7 44 35 89  2 76  8 68 99 68 47  6 60 17 51 69 53 29 65 42 32 45 16 27 42 51 78 19 57 16 99 74 15 15 65 15 43 52 74 35 92
 68  6 38  6 24 58 99 85 54 19 30 29  5 56 81 65 20  4 90  8  9 52 41 93 70 93 56 21 16  9 29  9 19 13 11 41 88 71 66 56 13 49 29 89 27 68 77 72 78 20 80 92 22 95 86 29 28 11 59 16 58 38  5  2 70 13 14 56 53 17 14 94 96 60 95 11 77 75 41  9  8 17 51 62 72 55 53 31 66 57 24 11 47 75 25 62 13 41 20 98 65 51 28 70 56 86 30 63 77 65 24 65 64 83 10 23 34  9 58 33 92 46 86 43 23 75 52 15 34  8  3 36 16 62 12 62 37 99 85 55 83 11 40 15 45 27 53 50 42 86 12 77 35 92 11 16 38 18 83 29 75 42 92 99 64 71 57  9 70 68 93 75 82 49 74 78  6 67 95 18 48 72 29 32 48 58 88 83 91 32 96 59 67  7 89 27 56 63 20 28
 34 50 86 40 65 40 83 24  9 19 90  9 21 89 92 94 23  6 55 54 78 92 20 11 33 77 49 98 96 73 50  5 17 76 84 53 10 39 58 92 92 24 65 38 13 97 79 88 84 38 55  5 52 60 40 44 63 47 68 90 30 78  8  7  8 40 63 89 62 68 51  9 97 22 42 62 26 44 72 38 44 62 85 97 77 69 25 49 60 22  4  7 54 62 95 26 24 46 24 20  8 59 66 53 30 24 25 84 70 95 48 76 62 99 78 73 25 62 39 51 31 91 11 41 78 71 49 48 90 38  6 27 19 20 43 38  3 73 32 74 78 67 21 52  6  6  1 90 22 13 88 26 10 79  9 98 29 37 57 36 12 65 17 59 65 12 50 59 90 16 70 69  8 23 78 45 72 26 88 43 37 91 63 10 23 75 23 23  4 71 76 98  2 62 44  8 10 61 33 43
 87 70 78 31 98 10 75 57 73 74 49 50  6 95 40 48 37 33 63 35 43 13 31 75 39 24 78 84 68 25 46 68 45 11 80 27 93 17 16 43 31 98 99 72 83 45 32 82 94 40 24 79 56  3 24 10 50 64 68 84 49 66 77 55 74 33 40 64 94 17 69 89 91 65 59  1 95 86 98 15 33 86 87 13 93 10 16 43 86 38 42 99 77 31 51 12 56 11 24 95 58 61 51 10  1 43 81 33 76 61 50 40 94 27  2 31 94 60 77 31 50 75 94 39 57 27 89 10 68 86 46 81 52 25 75 43 51 58  9 56 89 39 95 35 60 77 39 32 28 21 69 95 78 40 86 58 71 21 39 45 50 60  7 69 29 58 62 99 10 65 34 91 67 94  3 50 88 20 42 39 75 46 78 72 84 84 25 24 55 39 41 13 37 40 87 53 96  8  3 48
number of jobs, number of machines, initial seed, upper bound and lower bound :
         200          10   160037322       10524       10437
processing times :
 51 36 26 84 92 80 39 29 63 95 46 19 66 98 90 41  9 11 96 69 33 71 64 90 13 45 83 53  3 94 87 11 26 66 58 54 20 50 19 49 68 54 26 35 93  6 76 61 76 65 58 31 60 52 18 45  9 18 73 79 24 96 23 53 38 79 20 51 45 50 56 64 30 21 23  4 86 63 19  6 83 98 42 72 80 68 66 58 41 48 85 52 28 76 74 34 96 18  2 85 35 57 78 18 47  4 71 33 32 32 57 92 89 13 24 60 45 69 24 70 80 82 11 38 60 74 11 71 81  6 21 89 34 41 97 62 53 75 68  9 64  1 66 26 45 97 43  6 90 23 14 51 69 24 86 61 57 74 76 63 28 87 14 26  4 10 82 65 91 39 26 55 89 89 65 79 77 48 84 44 10 82 36  1 55 96 56 43 24 76  2 31  5 30 74 60 99  7 97 26
 25 56 21 11  3 36 42 32 84 68 59 22 62 50 72 76 80 20 95 18 21 45 60 83 65 83 55 59 31 90 52  2 35 86 68 93 23 75 79 34 51 46 25 54  8 49 68 56 25 92  1 79 62  1 45 84 22 35 61 64  9 36 29 15 74 68 78 92 94 73 43 17 82 36 81 66 66 83 87 30 91 63 24 98  9 79 85  4 14 50 60 59 87 98 28 77 11 26 14 44  9 32 57 93 50 46 84 28 66 62 17 25 41  6 94 87 36 94 40 64 76 43 27 13 37 35 93 31 84 84 74 71 80 73 19 63 51 27 73 91 59 92 69 31 71 75 26 98 68  1 74 58  6 30 63 30 50 36 72 37 98 99 30  2  2 95 90 45 84 86 88 18 94 24 26 94 63 15 81 21 22 50 80 10 33 51 37 21 41 38 12 10 49 12 50 28 58  4 33 80
 97 99  2 68 20 65 74 26 19 27 34 44 32  1  6 62 57 85 23  6 69 39 58 82 12 28 71 23 52 12 93 97 48 66  6 44 93 39 69 27 72 81 86 60 52 13 31 34 91 56  7 85 71 54 60 92 83 67 16  4 28 92 81 76 63 77 47 74 95 23 70  6 12  4 74 90 68 86 19 35 25 72 77  2 44 60 52 82 62 98 33  7 42 98 52 35 96 83 13 37 64 28 30 56 38 57 91 24 38 73 32  7 70 62  5 90 57 41 63 57 25 93 76  5 61 46 82 58 71  8 18 17 91 94 17  3 41  6 44 58 48 82 25 91 58 87 13  8 19 89 89  1 88 39 54 87 39 93 48 93  1 25 66 98 54 92 83 81 90 36 84 55 82 19 38 39  5  1 50 44 38 56  5 74 31 29 21 12 14 75 95  1 32 93 56 27 71 29 28 46
 83 11 73  4 73 98  9 36 86 50 20 38 92 16 76 63 18 93 32 65  2 40 81 92 65 51 49 39 10 83 68 36 80 33 38 41 83 61 77 61 97  2 59 82  5 35 62 81 71 27  4 10 75 58 74 86 39 38 84 15 88 77  5  6 42 22  1 61 64 16 37 18  1  2 50  4 16 99 51 74 56  2 62 56 59 75 54 92 18 21 23 96 55 32  9 24 70 16 13 49 63 97 40 84 12 21 16 48 53 31 22 72 28 69 39 10 53 59 77 13 12 73 22 29 13 96  4 45 32 40 75 39 86 63 52 62 56 70 78 85 89 98  9  5 90  9 69 73 24 67 13 49 25 12 94 14  2 98 73 51  7 58 20 39 33 65 33 43  1 73 24  6 32 28 99 42 71 62 75 15 75  7 82 66  9 13 40 40 90 48 97 11 29 10 42 88 73 21 40 26
 42  9 69 37 72 46 50 54 87 39  6 65 91 92 95 48 21 19 80 53 81 84 40 28 71 33 41 76 70 48 75 11 10 73 32 21 17 46 75 54 51 57 15 30 20 98 89 36 89  8 26 47 75  3  1 47 97 67 13 14 66  4 60 73 33 70 27  8 83 99 27 47 53 75 79  6 99 36 34 66 77 38 43 52 97  8 42 95 57 84 93 19 71 51 44 18 16 63 77 81 26 39 47 65 16 47  3 62 56 41 11 42 34 56 95 99 78 78 69 47 52 24 66 73 65  6 17 96 62 25 68 34 38 99 41 46 75 26 65 59 41 45 61 47 99 32 87 44  8 50 38 74 59 57  7 77 52 86 83 54 73 75 97  5 94 29 92 47 86 58 23 34 64  9 31 93 90  9  2 96 39 26 99 83 54 34 81  8 81 43 27 51 13 87 34 42 16 19 99  6
 44 39 29 17  3 21 40 94 88 52 15 71 55  2 53 85 54  3 70 38 67 42 38 34 15 17 56 86 43 16 59 54 61  8 49 82 30 15 60 14 96 84 89 91 68 45 75 87 62 51 52 65 62 92 21 53 46 50 90 79 17 91 35 34 66 30 63 35 77 56 69 80 82 47 96 77 80 13 18 19 26 67 89 42 93 23 66 34 48 13 22 65 52 18 64 48 83 50 93 26 27 66 10 52  3 81 67 12 77 96 85 66 45 37 95 40 33 26 83 46 68 83 94  9  1 26 71  9 93 76  3 10 99 88 11 84 43 65 38 16 20 71 75 12 23 17 61 79 32 11 65 48 63 51 17 91 14 99 69 60 67 76 33  2  9 72 94 76 54 84 62 31 30 33 11 21 41 61 85 49 29 81 73 82 11 15 55 13 33 40 48 84 89  3 26 82 74 84 43 97
 45 50 79 28 88 81 35 53 21 65 86 84 27 44 11 57 41 11 89 83 43 24 76  6 71 33 53 46 36 21 21 35 15 62 22 55 32 38 35 10 42 59 78 29 97  7 28 35 69 83 75 16 75 92 51 61 41 33 92 66 62 27 32 77 52 82 41 53 70 53 72 49  7 65 34 96 59 78 14 74 85 43 98 93 78  8 51 87 13 17 14 21 52 16 21  1 74 71 86 37 32  3 47 99 51 36 34 72 79 33 36 70 67 65 63 72 36 36 60 42 78 30 11 67 77 34 11 60 76 67  9 33 77 37 75 84 84 16 37 20 21 80 83 20 99 52 52 95 49 80 63 96 82 36 11 33 70  1  7 42 52 91 54 70 49 52  1 29 53 58 42 56 35 15 13 94 77 69 39 69 35 42 14  1 44  9 45 51 10 55 64 79  4 50 54 16 86 35 95 94
 69 56 80 92 85 50 40 87 99 86 41 42 65 61 63 48 97 96 40 86 66 13 82 85 78 14 86 61 32 32  7 50 61 93 77 70 53 82 99 24 35 77 86 96 97 39 53 21 27 34 68 89 98  7 19 23 40 27 11 84  7 62 27  9 61 29 93 26 37 12 78 68  8  9 86 39 90 47 88 67 58 63 23  6 15 13 86 90 18 15 30 10  8 65 77 84 20 18 76 98  5 68  4 25 46 44 57 20  9 10 64 77 49 63 83 12 52 56 57 79 32 31 45 23  2 48 27 19 95 75 24 49 31 85 21 39 56 85 70 76 62 61 18 22 25  3 58 11 19 41 73 47 12 64 69 61  5 30 17  4 33 38 59 65 68 16 67  6 12 27 93 22 95 10 60 14 75 73 25  6 60  5 97 14 89 11 77 77 67 45 12 40 65 26 28 51 20 46 85 49
 78 50 21 31 43 10 88 24 86 46 17  4 36 16 98 30 31 72 71 71 95 12 75 70 56 93 12 92 94  3  9  6 55 65  2 91 97  4 83 87 84 32  3 17 55 42 67 16 85  4 55 16 91 62 63 89 30  8 23  8 83 37 65 18  1 29 47 48  8 31 13 59 89  9 36 69 41 63 31  5 35 46 93 36 56 16 43 94 33 13 35 16 45 25 42 31 42 47 75  9 44 74 56 37 47 50 70 74 50  4 36 81 72 55 38 64  6 21 92 52 96 46 28 13 52 46 73 31 31 99 33 23 69 80 71 40 97 90 11 24 91 93 97 92 60 30 40 36 16 27  4 74 15 36 51 87 94 51  7 25 75 88 45 93 12 44 89 19 93 71  8 15  1 35 60 45 78 44 33 78  6 80 40 12 38 42 98 38 12 96 14 32 37 39 33 43 71 33 99 24
 34 17 39 92 77 33 85 83 86 51 69 14 24 42 16 11 75 73 62 89 79 40 32 65 77 62 84  6 13 20 73 39  1 98 19 24 44 88 17 90 13 29 70 70 92 71 93 90 11 88  8 17 36 78 50 21 17 22 92 13 64 90  3 13 28 91 22 72 10 15 82 14 25 66 54 83  5 61 77 85 13 33 29  7 20 50 22 26 37 14 54 65 35 28 78 73 20 61 57 97 29 88 84 71  9 55 28 12 17 98 93 80 99 90 33 81 31 62 39  9 79 47 36 18 31 72 65 35 73 41 47 66 33 12 57 28 73 87 39 67 81 93 17 25 63 32 24 89 27 93 69 76 86 88 67 39 71 76 67 95  6 90 87 49 25 37  1 68 32 67 45 65 48 12 86 37  6 94 58 38 49 51  9 46 98 40 72 26 15 98 37 46 74 61 16 98 26 61 31  4
number of jobs, number of machines, initial seed, upper bound and lower bound :
         200          10   551454346       10331       10255
processing times :
 88 93 78 54 48 89  7 46 22 64 33 76 49 60 98 69 66 25 93 38  1 94 40 69 22 43 69 69 27 68 23 50 97 37 27 51 71 83 30 73 10 50 69 29 55  5 38 99 37 29 45  4 82 83 21 31 27 43  7 64 39 96 16 92 62 75 18 21 62  4 50  1 96 83 53 65  4 48 42 62 92 22 82 87 21 79  5 19  2 95 18  4  5 79  7 95 82 33 23  7 45 43 49 35 43 84 41 50 62  5  8 43 34 25 31 82 66 48 82 40 59 45 98 56 37 36 85 94 10 45 50 23 95 71 12 21 24 85 26 29 61 55 15 81 23 70 31 52 62 31 70 30 72 73 13 12 69 12 20 73 73 38 84 39 10 69 98 39 66 67 82 29 82 42 83 21 92 34 49 59 63  3 20 11 15 90 61 80 90 81 19 24 36 88 70 76 16 97 59 12
 84 24 99 98 24 57 71 38 14 41 45 28 11 81  7 68 24 88 28  7 29 31 38 56 26 17 25 24 53 40 97 89 87 12 97 22 24  7 13 61 36 58 74 53 31 31  4 83 48 78 76 34 28 26 12 60 51 69 88 82 86 68 51  6 79 23 67 71  6 38 17 36 14 49 80 54 63 64 47 31 88 45 82 86  7 84 62 58 89 97 80 54 54 93 23 77 97 55  2 31 52  1 76 89 69 98 68 51 54 33 73 46 94 66 60 37 40 82 29 37 80 27 71 98 47 41  7 79 68 45 59 80 63 10 78  8 31 35  1 64  1 18  5 66 86 18 34 55 18 74 98 90  1 80 34 89 22  2 88 66 91 14 86  6 95 61 59 48 36  5 75 21 55 44 67 87 82 62  7 71  4 92 38 79 15 56 22 38 85 42 72 75 90 62 19 49 18 21 41 21
 41  8 16 10 99 83 84 96  8  7 47 62 17 26 84 36 49 42 78 41 61 35 45 65 38 37 49 35 28 99 94 44  9 18 33 32  3 96 50 66 50 76 46 42 91 72  1 46  5 89 39 46 21  9 20 40 88 94 93 33 95 49 57 30 66 45 30 63 68 36 90 81 10 53 82 54 94 25 61 13 27 85 58 14 27 68 49 96 29 28 20 67 12  9 12 53 92 50 48 12 39 29 21 35 70  7 33 15 43 84 43 11 70 71  4 48 58 78 71 37 79 25 28 83 26  6 39 30 15  9 23 30 53 63  2 37 39 45 54 52 40 18 64 98 14 31 12 83 58 28 25 78 25 90 99 26 70 31 47 63 53  4 64 19 10 69 74 57 37 55 21 83 22 72 66 37 81 27 57 22 25 87 21 13 74 26 41 84  9  8 19 64  9 75 30  3 90  4 71 91
 11 99  9 98 77 31 62  3 14 90  5 79 42  8 36 78 80 28 59 91 35 11 32 98 49 24 93 38  2 54 63 73 49 25 93 10 59 43  2 77 71 23 73 86 82 48 41  1 75 95 69 35 91 83 11 82 18 90 41  3 12  9 61 58 20 73 50 74 17 35 11 90 96 93 32 10 73 19 59 11 42  8 57 98  6 17 91 98 14 17  4 19 46 40 86 77  5 48 82  3 61  6 34 13 78 76 33 98 87 45 66 21 34 77 59 54 90 41 92 48 57 78 28 59 96 42 63 38 72 52  9  8 16 56 75 56 88 32 62 82 82 85 38 37 29 26 37 57 90 65 36  1 89 43 67 50 71 87 23 69 83 84 32 27 10 83 39 59 17 17 42 63  7 50 33  7 52 16 85 62 72  5 53 33 81 38 48 70 62 22 94 94 33 85 41 93 12  2 40 90
 16 26 28 66 62 24 12 41 26 74 84 24 27 51 98 87 12  1 73 99 81 44 10 75 41 32 71 46 18 84 43 93 63 17 52 23 83 68 99 33 65 82 10 90 82 82 41 62 45 81 67 17 50 71 78 93  4 67 21 58 49 10 51 66  4 40 32  2  2 94  2 47  9 13 19 22 89 41 39 96 87 81 60 33 30 86 85 91 25 31 56 22 75 28 44  6 65  2 14  5 91 54 37 26  4 22 66 24 52 46 60 69 87 27 36 39 71 18 21 68 56 72 98 96 23  9 32  4 56 14 14 22 79 10 41 96 38  6 55 89 50 96 44  8  7 82  4 25  7 37  8  8 17 53 20 37 69 77 31 79 19 72 80 37 96 19  1 96 89 46 76  5 66 25 15 41 23 29 66 16  4 27  3 56 75 48 49 73  2 26 82 19 62 93 34 71 45 37 73 36
 75 12 94 99 63 12 55 99 30 24 58 34 40 22 74 18 37 46 78 32 55 32  8 52 45 60 83 89 92 31 53 96 47 73 94  5 83 40 78  2 14 54 62 11  2 26 66 48 39 39  4 19 15 46 85 95 75 36 81  6  7 92 30 59 57 33 76 67 13 25 89 63 83 25 50 30 59 23 19 92 65 94  8  9 67 85 89 22 39 21 39 56 41 80 27 32 47 51 58  1 45  2 68 84 91 46 34 92  3 91 66 62 85  9 64 45 63 64 25 62 76 78  6 92 77 87 65  6 95 53 25 71 39  3 17 77 38 22 84 65 78 26  5 88 83 15  1 27 62 94 39 46 62 14 26 45  1 26 76 33 39 92 36 68 90 75  4  2 32 29 39 51 40 20 22 21 63 46 92 72 54 51 89 13 90 62 13 86 76  2  8 80 70 82 13 42 91 87 31 12
 54 62 18 82 86 48 99 54 33 55 47  2  9 39 20 57 84 27 99 50 95 79  2 16 17 76 47 12  8 15 27 96 76 48 42 56 15 42 16 12 67 16 60 83 75 65 52 36 87  6 35 15 21 77 26 51  2 42 45  2 94  1 30 97 55 98  5  2 67 94 25 11  3 83 76 27 13 49 28 28 58 24 12 32 19 45 42 50 31 27 75 81 42 54 52 70  1 87 54 63 59 19 71 74 95 31  2 76 26 98 22 30 57 91  6 63 91 19 28 39 54 51 79 27 31 21 76 90 87 75 39 97 33  8 42 38 84 23 78 83  3 57 32 69 67  9 38 78 80  6 91 94 43 98 78 48 79 75 15 13 33 25  5 89 67 33 11  7 65 89 91 63 28 95 16 21 25  4  2 64 44 53  4 90 53 93 50 68 92 93 47 37 38 92 20 79  9 47 71 39
 32 46 16 31 49 45 80 53 59  7 57 80 36 68 95 28 68 26 57 28 25 96 78 90 75 45 30 39 52 66 83 33 93 93 40 10  2 53 11 29 46 79  3  2 65 74 52 24 99 66 15 68 92 10 38 21 79 78 93 81  1 26 97  9 98  9 27 28 11 49 92 55 54 79 50 33 27 22 46 41 59 53 47 65 44 77 14 93 64 67 39 55 57 15 32 70 71 31 95 94 39 79 31 45 73 28 46 40 51 14 38 88 93  1 24 44 24 29 95 90 22  5 71 69 40 22 48  4 44 97 36 17 17 81 12 34 71 27 88 17 92 22 13 10 64 61 25 17 22 86 10 43 58 72 52 71 33 26 90 56 29 50 81 61 43  2 81 55 50 53 51 31 12 21 55 56 34 35 50  1 50 50 52 45 25 26 83 72 44 95 70 11 85 78 24 83 69 42  5 82
 86 82 57 24 65 19 89 35 47 22 27 67 24 67 15 69 86 77  9 78 45 84 29 74 75 48 50  1 50 63 87  8 42 84 35 63  8 91 55 36 95  4  9 56 38 62 91 42 11 10  7 32 21 97 83 74 38 47 58 97 38 26 38 51 16 32 94  6 58 93  5 11 11 39 30 91  6 84 34 96 23 17 83 43  2 50 12  1 13 73 90 61 60 55 68 48 73 78 53 23 48 76 25 97 84 15 51  6 60 61 91 14 72 73  2 55 44 37 57 45 94 69 69  2 83 26 33 65 75 59 23 41 79 34 48 73 68 61 82 55 16 92 29 73 13 95  1 52 55 66 67 45 24  6 61 25  7 12 20 24 82 39 34 33 82 30 36  4 82 62 69 25 95 51 99 91 63 25 73 35 27 62 29 98  3 12 12 98 33 50 75 17 79 40 44 40 41 55 33 80
 47 73 94 48 78 95 53 12 31 67  9 15 36 48 41 35 19 47 54 30 81 42 75 71 84 32 80 21 72 13 68  6 27 54 48 51  7 26 37 20 17 58 73 51 88 34 19 96 19 55 61 59  1  8 31 49 17 30  5 14 37 82 23 54 59 93 43 21 32 39 20 19 33 10 75 98 27 21 87 44 68 66 79 88 20 91 13 16  6 46 33 74 96  3 71 81 74 28 27 88 36 86  6 40 22 83 90 10  7 44  7 66 46  3 99 56 62 48 93 70 25 21 53 47 64 54 33 75 28 96 67 27 25  8 31 59 17 57 96 42 42 29 69 39 82 76 12 58 72 97 88 23 22 60 29 85 90  1 73  8 56 95 98 55 24 84 49 99 75 68 56 54 40  1 99 69 61 26  3 55  7 97 25 60 83 63 44 59 93  9 86 81 57 49 27 29 20 13 91 72
number of jobs, number of machines, initial seed, upper bound and lower bound :
         200          10   519485142       10857       10761
processing times :
 68 55 10 91 98  1 14 84 84 77 19 80 82 74  8 16  9 36 77 25 72  1 94 58 27 84 34 98 96 52 89 87 68 64 34 57 28 70 95 24 56 95 91 91 32 23 23 32 81  4 53 78 44 97 79 65 80 49 79 30 14 62  5 74 66 34 13 78 97 81 24 32 37 61  4 33 93 39 63 34 77 94  5 90 53 84 36  3 19 59 54 92 96 10 36 88 60  4 42 85  5 62 59 60 13 58  4 29 62 43  5  2 16 99 84 67 14 89  7 65 95 93 13 71 74 99 75 49 88 23  8  8 77 61 15 81 23 18 32 53  8 87 78 30 98 88 11 36 10  3  8 67 18  8 18  9 83 40 21 30  1 87 73 97 13 66 18  4 50 54 89 84 25 82 22 27 44 38  8 15 94 65 67 15 48 41 57 63 76 11 66 65 46  6 63 72  6 40 95 12
 48 64 13 26 55 85 55 59 79 37 54 98 44 36 30 89 76 18 43 12 75 84 37 34 55 56  1 79 12 40 29 17 48 79 91 63 34 15 22 42 36 37 84 77 79 61 90 88 36 21 73 41 91 58 69 90 18 80 96  6 24 11 52 74 78 76 78 51 89 96 49 97 32 48 50 50 70  8 38 24 18 68 43  6  6 13 86 71 15 39 86 28  4 71 96 70 29 24 51  4  4 35 77 99 63 30 52 42 56 98 76 11 13 14 58 45 29 47 74 62 32 55 36 93 26  2 87 61 79 49 66 46 68 61 33 73 87 88 34 43 42  9 32 25 39 45 16 96  7 73 82 12 88 56 20 96 75 34 98 22 52 35 97 88 56 64 93 69 10 31 59 41 38 13 94 68 41 95 57 41 25 19 45 86  6  2  9 20 32 61 48 77 43 83 88  3 36 13 42 24
 71  5 80 22 35  7 98 32 96  1 64  7 44 75 34 42 90 79 43 98 94 65 53 65  3 29  2 12 34 32 19 73 42 59 10  5 51 63 59 48 56 46 80 68 41 86 92 10 46 86 43 53 59 49 77 13 21 39 85 19 24  7 77 86  3 31 82 91 15 25 24 68 47 56 80 54 55 23 68  6 83 53 88  8 97 14 76  4 81 10 23 92 93 69 94 70 30 81 83 81 82  7 92 17 71 80 47 69 23 24  1 62 70  5 79 46 36 20 42 43 98 10 22 97 67 66 39 60 26 43  4 31 11 51 58 74 76 74 74 25 79 62 43 74  4 79  7 69 78 69 44 27 47 35 48 94 69 18 28 99 42 15 76 96 15 72 92 64 12 20 62 86 30 98 69 60 78 38 26 66 59  2 18 76 44 59 52 86 53 97 15 61 96 89 22 69 76  7 33 93
 49 54  4 99 69 85 44 96 43 30  6 21 81 19 21 70 90 16 94 78 52 75 24 36 87 25 96 50 73 39 69  5 76 15 89 16 86 16 21 52 84 44 34 92  5 20 82 45 28 16 24 32 31 70 54  5 57 66 83 61 45 32  1 74 82 86  8 61 73 16 16 33 90 73  7 26  7 97 16 22 45 39 85 90 34 20 55 50 77 35  5 96 72 39 35 15 62 61  1 80 55 68 35 14 85 54 71 71 84 78 50 81 38 23 35 69 33 90  8 19 44 82 50 54 48 16 38 94 74 55 59 81 72 32  5 18 55 78 33 33 43 28 88 74 54 65 44 47 97 53 19 98 96 33 40 46 25 18 40 82 36 86 83 29 21 73 12 79 87 96 88  4 64  9 97 32  9  6 57 86 75 81 46 21 94 97 10 35 81 31 48 20 97 35 65 52 85 11 77 18
 42 58 93 10 27 12 69 34 84 53  6 48 48 48 26 39 97 51 86 49 68 85 21 71 90 45 63 33 38 64  5 94 82 38 68 16 92 50  3 22 75 34 46 38 45 15 97 94 93 53 49  5 18 10 84 21 84 31 68 44 88  5 17 62 32 81 99 83 13  4 61 59 19 57 66 53 72 88 78 61 91 65 12 89 29 67 27 31 66 57 89 91 22 10 36 98  7 48 68 15 11 77 46 96  8 12 61 41 95 68 39 52 76 26 18  5 72 53 30 77 84 10 60 38 64  8  6 89  5 72 70 27 55 66  7 48 38 87 49 71  1 84 55 61 14 13  9 84 87 69 24 54 10 93 92 65 53 80  2 63 24 82 17 33 18 19 18  1 44  4 79 93 17 86 86 90 68 83 89 82 28 20 96 71 92 47 12 93 51 54 38 15 19 73 98 33 34 10  9 77
 91 90 58 87 90 92 31 79 38 84 53 52 56 68 63 36 40 38 39  1 92  7  3  6 20 57 76 61 50 40 38 36 69 46 22 65 11 49 19 56 50 82 34 64 69 94 10 92 25 45 35 19 74 26 54 24 33 93 46 22 68 97 38 84 96 43 99 93 87 49 70 45 56 84 24 37 13 42 18 50 22 67  5 56 33 45 91 86 30 76 85 83 24 54 21 27 54  5 58  3 59 45 53 18 58 47 36 74 10 56 71 14 73 25 25 84 32 80 92 96  1 50 46 80 97 39 99 48 55 33 79 98  1 80 11 16 87 78 16 16 22 28 60 14 26 66 15 41 55 51 12 63 94 14 99 23 97 63 32 99 77 46 18 55 95 64 14 95 42 56 31 78 89 97 11 14 21 74  9 65 33 21 52 76 95 97 79 86 58 93 89 88 70 45 19 26 16 10 45 98
 95 50 81 57 99 13 39 44 55 74 81 60 22 60 11 82  5 14 58 80 14 23 67 29 23 46 36 11 11 92  9 20  8 84 42  7 32 52 69 67  1  9 87 25 36  9  2 99 12 55 84  8 26 72 31  2 56 58 48 60 35 17  5 31 92 49 86 36 85 23 15 62  6 43 61 52 47 69 88 68 69 58 69 47 19 81 54 54 69 65 44 45 11 84 95 90 28 38 83 38 47 99 77 78 84 77 72 37 87 19 93 82 97 81 37 32 78 40 43 85 19 87 11 62 40 57 35 49 58 82 13 99 73 89  7 50 60 23 59 98 21 47 14 89 37 85 83 25 25 63 16 39 10 89  8 71 90 90 30 12 93 83 36 54 28 30 39 25 47 36 64 57 27 62 89 88 21 25 42 15 15 42 66 28 22 64 18 73 64 35 59 37 36 29 56 38 69 25 55 84
 88 74 68 60  9 47 55 84 48 85 45 78 17 58 47 79 45  3 71 21 66 30 19 75  1 30 53 83 72 64 91 93 34 10  3 43 65 57 44 85 19  1 61 80 53 18 74 95 82 96 71 89 36 73 93 38 55 51 77 61 99 67 72 73 19 48  9 52 51 95  7 34  5 74 39 93 79 37 82 98 54 82 56 84 76 58 35 54 74 83 43  4 65 37 28 64 12 48 67 54 74 97 50 26  4 59 32  6 54 47 24  3 99 80 34 13 51 81 22  3 88 50 24 26 96  4 24 71 78 78 88 49 64 72  1 36 94 40 58 65 97 89 10 39 45 93 75 12 55 36 25 71 75 65 56 16 33 66 29  9 88 50 51 21 48 57  1  7 33 29 66 47 59  9 25 50 43 30 68 84 39 95 56 54  8 25 37 11 55 80  2 35 38 15 18 22  6 55 99 62
 92 51 80 46 39 93 85 57 29 25 36 36  1  5  9 32 30 70 11 15 90 76 25 92  8  3 96  4 49 72 67 77 58 24 16 94 58 48 33 89 36 78 26 68 78 67 38 19 86 74  7 56 59 35 80 21 10 18 95 70 91 92  6 90 35 59 73 15 87 93 28 65  2 18 42 22 55 18 39 13 68 99 39 60 68 62 43 40 50 38 10 53  5 30 34  1  6 39 55 23 49  8 56 27 22 94 31 85  2 96 98 60 43 31 66 25 14 77 64 68 59 77 86 87 89 33 90 65 36 77 73 41 28 92 12 76 48 31  2 55 26 25 48 43  1 95 77 28 24 98 93 97 66 47 30 70 20 97 94 29 66 11 22 84  3 89 91 25 39 49 68 93 44 90 93 42 46 68 37 43 89 57 98 46 67 71 81 65 53 78  3 52 97 19 61  5 76 66 60 49
  8 74 55 20 20 25 75 14  3 56 57 77 85 49 47 28 39 97 17 97 62 23 56 95 57  5 75 66 59 87 35 93 47 47 44 56 92 38 24  3 32 22 72 16 60 21 29 81 34 40 88 48 91 93 95 62 10  1 35 74  3 97 87 73 48 43 32 75 90 76 17 81 61 86 87 69  7 38 96 11 86 39 25 98 31 60 42 19 53 22 42 26 67 31 38 79 13  8 87 83 66 44 54 51 79 81 17 19 47 32 27 64 61 74  7 79 50 61 80 42 48  9 32 94 88  3 13 65 94 96 75 15 99 28 45 84 93 94 55 84 60 82 27 76 53 91 26 92 28 45 49 62 45 18 66 52 43 71 23 70 34 31 53 75 51 84 90 20 71 51 60 75 52 84 31 92 27 68 16 14 39 13 52  8 63 98 92 87 98 33 11 35 28 56  3 72 93 53 43 91
number of jobs, number of machines, initial seed, upper bound and lower bound :
         200          10   383947510       10731       10663
processing times :
 91 23 99 12 22 38 26 67 57  2 73 71 54 75 65 28 85 43 40 66 35 84 47 37 65 11 81 32 23 77 17 46 41 85 74 82 87 62 49 93 99 84 45 98 50 77 25 10 69 53 39 62 75 81 24 99 78  6 70 75 22 18 87 37 17 20 84  7 84 79 29 22 29 44 74  2 23 83 79 91 17 80 39 64 30 73  7 53 98 88 92 31 46 92 14 51 77 65  8 32 53 52 87 88 44 20 89 69 73 49 93  7 62  4 54 55 46 37 47 43 20 61 32 85 93 23 73 12 76 38 13 85 79 22 81 75  7 27 87 96 45 94 12 39 59 19 12 85 99 81  5 17 17 30 36 73 87 44 37 12 97 47  7 91 24 76 76 65 97 32 99 83 70 17 88 42 63 54 10  3  5 75 92 13 27 13 35 63  4 46 60 44 88 64 13 82 67 33 64 19
  3 29 65 40 51 79 20 13 12 19 84 15 56 80 69 48 75  7  5 91 25  9 13 18 59 56 57 21 25 78 73 89  3 26 81 24 86  8 66 25 49 87 31 15 99  1 52 46 27 17  8 84 94 36 21 61  8  9 78 19 36 68 61 68 11 90  5 97 35  3 76  9 49 85 10 19 84 71  8 67 23 11 74 32 37 52 69 68 34  9  5 69 41  8 50 18 97 49 57 63  1 73 39 41 87 98 48 39 74 87 88  4 98 19 94 25 46 27 70 85 42 18 92 62 22 38 82 48 23 98 25 73 34 94 10 73 47 95 18 69 29 11 42 98 82 98 86 96 90 24  6 18 43 25 20 34 34 58 47 76 79 66 12 26 95 27 74  4 82 36 38  9 76 69 18 38 72 46 57 45 95 26 70 37 42 31 42 88 22 21 83 31 72 17 50 37 33 90 85 88
 26 31  7 88 75 15 37 10 13 57 68 91 32 28 98  4 77 28 24 54 13 91 69 55 13 98 13 74 46 99 50 50 26 22  5 79 33 41 78 15 78 40 23 68 55 64 11 42 86 16 96 67 97 34 48 55 59 14 86 54 19 60 55  1 28 59 70 51 67 55 20 56  4 30 33 67 52 24 66 18 92  5 58 65 67 80 27 82 49  8 53 18 31  2 17 74  4 53 48 18 52 41 23 87  6 44 47 54 84 31 33 44 25  2 56 72 41  9 87 79 63 40 87 23  3 35 92 55  6 80 27 77 99 63 92 89 16 24 23 52 62 72 36  2 71 62  9 40 93  3 13 34 54 29 71 67 59 77 64 19 63 15 36 53  8 39 38  8 48 56 96 68 47 95 43 54 58 79  3 36  9 78 28 34 12 72 22 54 54 16 18 76 94 56 31 97 18 72 12 83
 16 35 98  8 63 68 18 80 68 46 21  4 95 60  2 56 50 55 31 69 73 35 10 75 49 33 41 65 83 71 37 95 46 34 59 50 65 17 93 91 10 97 42 95  3 86 17 85  4 54 12 10 61 33 70 97 55 78  7 72 90 38 37 30 24 17 76 35 36 26 75 69 67 80 47 40 82 87 86 29 77 10 43 97 37 25 23 28 40 69 31 63  1 92 78 91 36 30 96 18 42 88 28 99 20 31 49 39  9 11 70 13 93 60 12  7 69 19 62 44 25 96 22 61 54 95 72 67 66 44  6 30 42 21 22 65 75 71 92 90  4 94 86 75 61  5 89 27 65  4 98 89 17 20 89 12 96 98 48 37 58 72 73 34  2 27  4 45  1 30 99 75 87 31 81 61  6 22 27 26 28 41 49 32 60 22 79 96 88 61 46 84 80 98 99 97 60 89  5 70
 53 53 66 74 76  6 76 95 11 15 54 47 94 55 63 56 74 93 34  8 62 52 11 50 27 73 87  7 31 63 83 79 19  6 36 31 28 19 80  5 77  5 25 13 87  8 92 89 21 56 49 75 59 70 68 36  9  9 25  2 73 73 32 60 25 12 15 75 56 35 78 15 35 22 10 34 28 49 26 29 66 19 33  9 92 98 35 73 91 69 35 92 79 74 90 90 58 99 27 90 49 19 57  4  7  5 36 89 87 75 38 19 83 64 98 85 84 89 38 52 75 50 77 41 19 91 14 12 82 33 58  8 97 99 27  1  1 15 50 25 85 40 26 93 17 39 72 74  9 66 79 77 10  7 62 30 99 40 44 86 86 97 60 91 87  6 16  6 46 36 87 66 43 15 33 85 55 73 53 35 46 81 57 18 43 84 95 41 81 31 46 39 64 36 37 94 15  7 93 61
 43 78 80 43 75 90 69 39 76 26 71 88 46 42 97 25 37 54 46 46 81 34 90 81 38 27 88 42 76 60  7 38 97 48 28  6 93  8 55 51 65 93 52 36 10  8 50 93 79 54 83 85 33 76 73 54 89 92 58 47 71 99 86 67 34 83 93 20 93 31 22 39 90 99 66 61 86 72 22  2 98 13 34 37 20 18 45 49 58 93 29 98 85 15 28 41 97 53 25 72 69 34 89 15 28  2 54  1 28 94  2 11 78 19  6 48 34 61  3 26 45 83 41 93 33 40 93 76 43 15 41 79 58 41 54 98 89 95 74 82 82 71  2 62 86 79 26 79 51 52 27  8  5 18 10 17 60 50 94 96 20 82 45 72 96 30 29 22 88 26 12 80 14 13 77  7 27 64 71 92 46 92 22  8  6 69 55 13 11 84 61 34 48 44 15 35 40 97 10 50
 43  7 16  2 19 96 38 90 72 80 21 77 55 94 67 73 20 25  1 43 78 61  9 22 43 23 10 22  3 82 80 47 59 96 28 50  8 43 94 78 87 52  6 44 37 11  6 32 70 16 63 39 18  4 32 21 75  3 77  2 53 17 93 57 78 27  3 67 26 67 64 70 47 34 58 56 74 93 84 75 89 64 46 12 52 97 29 49 25  5 30  8 10 66 61 80 52 16 80 88 80 50 24 83 10 59 51 75 66  6 26 86 50  6 87 18 65 48 46 54 70  9 79 81 71 91 80 88 44 33 66  6 77 13 79 99 22 60 30 95 40 55 17 51 24 85 94  4 21 84 91  7 36 41 62 54 65 63 89 81 90 35 91 69 29 76 40 60 28  4 22 91 70 66 41 23 13 58 54 66  6  3 60 71 54 39 69  8 85 72 63 56  1 38 88 94 55 87 82 31
  5 37 23 27 78 86 81 49 88 91 16 25 55 34 93 22 78 43 98 62  3 15  8  2 11 75 65 37 76  8 76 67 95 12 93 73 31 68 46 77 70 60 27 58 25 72 72 11 43 80 74 59 11 76 64 89 12 64 89 87 73 14 38 94 26 20  9 38 77 24 49 95 15  8 22 43 95 87 75 91 77 30 49  4 48 82 18 34 37 27 52 56 29 99 82 35 50 79 83 67 53 16 45 61 62 88 84  3 44 70 26 94 12 54 79 18 55 20 53 25 86 50 79 94 11 26  9 17 99 91 53 49 71 33 31 34 92 92 18 73 33 98 52 19 63 33 59 37 71 93 14 35  6 72 37 34 64 81 77 66 41 78 70 48  8 56 90 36 24 81 85 77 46 89 39 49 40 31 13 30 71 27 68 99 35 38 52 18 92 14 66 18  9 87 60 47 23 10 33 32
 26 50 93 73 76 46 81  9 53 30 30 66 75 32 60 47 26 23 79 36 99 99 53 11 90 14 81 60 86  5 44 84 95 15 75 72 78 74 51 87 50 48 70 62 84 81 52  7 35 93 71 74 81 94 44 33 94 62 57 89 67  5 15 72 79 56 87 14 46 68 90 84 23 10 64 45 54 57 34 28 51 35 82 21 34 46 21 86 15 16 93 21 55  1 52  5 23 54 31 56 11 87 46 70 25 63 87 12 23 40 22 31 79  4 47 73 54 44 45 48 39 76 67 26 75 70 89 49 50 63 73 52 49 81  7 83 70 77 39 61 58 48 34 58 48 29 38  8 88 29 74 70  7 64 26 58 85 65 44 84 56 54 25 93 37 61 16 75 49 82 50 86  5 63 24 32 98  1 95 14 26 25  8 96 23 75 95  9 21 70 16  7 96 54 50 19 62 56 95 56
 20 68 70 50 40 87 59 16 52 60 35 18  1 52 74 95 94 64 31 64 91 37 33 90 58 74 68 87 18 31 72 19 67 69 80 63 20 22  6 86 66 99 59 21 37 26 73 69 28 29 41 26 76 77 48 17 71  5 28 24 47 74 94 99 98 52 12 33 18 77 85  6 45  8 18 19 71 99 26 89 20 67  8 44  7 23 35 32 88 35 90 16 40 51 83  2  8 31 75 37 27 39 38 95 29 49 52  6 26 89 75 30 98 53 66 95 72 89 41 42 95 22 79 93 72 77 46 58  2 71 71 42  5 43 75 54 63 80 97 70 22 85 93 39 18 95 52 26  5 28 46 15  5 83 96 25 64 71  2 40 39  4 47 75 48 39 34 76 38 55 26  4 90 93 60 31 73 79 46 10 14  8 33 58 39 94 74 92 16 68 13 72 27 22 65 28 82  6 58 60
number of jobs, number of machines, initial seed, upper bound and lower bound :
         200          10  1968171878       10438       10348
processing times :
 64 52  2 49 20 96 64 70 79 36  7 48 81 70 65 30 68 61 40 15 39  5 27 19 99 75 75  9 42 11 53 18 43  9 15 27 26 67 26 67 41  5 15 54 82 74 34 73 44 84 45 11 67 16  3 34 40 31 90 29 68 25 68 95 52 77 60 12 74 86  9 89 24 93 71 52 88 28 53 23 48 73 42  7 87  8 95 31 68 49 82 58 92 47 83 91  7 61 49 65 65 90 59 94 97 61 63 83 54  5 10  4 12 50 21 51 90 52 37 94 77 48 25  8 75 14 11 20 58 97 29 53 53 11 97 91 42 19 86 68 24 21  7 31 57  6 90 26  4 97  4 14 22 21 22 38 64 54 15 47 88 58 53 93  4 83 39 50 36 75 35 86 36 71 43 46 48 16 91 45 31 53  8 15 10 46 37 87 25 96 21 99 67 23 16  5 50 40  5 67
 66 61 18 44 87 82 61 97 39 27 10 29 56 51 44 98 69 25 29 30 97 63 91 32 64 16 69 80 29 66 86 12 83 50 53  1  2 35 56 23  7 48 22 39 25 57 33  5  2 62 88 96 92 28  5 54 87 77 16 72 18 15 81 62 21 33 75 60  1 38 51 76 89 37 87  7 24 86 76  4 32 36 37 74 28  7 67 50 40 21 31 15 76 39 46 96  4  9 96 92 73 60 30 90 94 68 85 36 52 40 86 54 71 79 72 97 35 87 23 78 36 79 75 18  2  8 26 85 51 22 25 55 23 34 28 10 44 67 54 53 38 38 93 41 14  3 32 78 41 93 25 95 90 33 91 65 40 33 34  7 50  7 74 53  2 83 76 37 22 62 75 80 74 65 38 69 85 21 25 45 90 55 92 36 49 47 26  4 43 83 92 26 94 31 59 84 15  2 25 48
 53 74 51 52 33 35 97 20 23 96 35 31 44 72 76 26 36 98 11  3 28 62 68 66 21  4 92 65 29  8 67 90 45 48 93 78 79 97  5 93  8 36 68 98 21 25 95 79 58 65 91 73 22 78 83 45 15  1 49 64 93 70  3 52 13 65  4 18 61 21 63 44 38 45  2 79 39  2 91 65 74 48 36 77 70 42 63 64 64 88 14 38 71  6 80 91 46 21 52  3 35 87 97  5 19 92 58 47 90 42 58 79 62 16 80 40 11  1 90 73 53 66 60  4 52 43 11 99 70 49 64 88 58 58 55 57 35 32 75 99 22 59 90 65 91 93 81 17 44 27 50 48 38 92 18 47 35 37 91 85 82 40 10 65 28 70 22 36 68 17 61 23  7  4  4 48 66 24 25 60  2 79 62 63 72 38  9 88 40 37 49 26 73 57 26 37 96 98 33 80
 93 84 29 96  6 71 54 69 98 13 91 24 73 64 47 19 47  3 82 51 40 31 38 27 70 28 55 20 32 69 39 95 52 40 25 73 51 41 56 32 85  7 91 22 72 14 53 24 71 45 19 32 82 60 61 29 65 89 96 54 24  3 51 30 92  6 37 92 89  6 39 14 36 77 68  6 59 18 78 78 66 57 95 77 95 94 39 25 39 35 40  7 66 88 85 52  1 63 50  7 58 59 48 48 54 60 90 88 36 23 23 71 79 69 72 69 13 38 48 69 33 29 40 63 13 43 34 40 47 53 75 35 68 89 13 23 95  8 65 22 10 58 53 99 21 82 75 17 50 92 68 82 92 54 17 18 66 54 76 10 28 44 23 26 55  6 93  6 75 96 27 20 61 72 68 26 34  2  7  4 34 51 66 34 85 36  8 35 83 29 15 14 57 59 71 55 65 68 10 33
 60 32  5 37 88 55 60 97 78 50 41 20 61 95 42 30 81  2 11 84 49 12  9 93 61 31 55 79 96 35 20 42 81 46 81  5 65 83  9 70 74 51 99 80 53 95 83 70 50 24 52 17 23 45 35 51 66  2  1 12 46  4 69 27 62 45 96 29  5 78 65 30 32 93 97 76 17 75 75 44 40 63 49 21 86 60 88 44 84 88 34 66 55 15 51 28 41  7 74 54 68 82 34  3 59 51 60 42 32 53 48 56 58 95 14 70 98 21 21  4  6  6 58 29 61 84 79 98 12 60 89 61 18 53 98  7 65 37 88 19 38 38 63 14 33 32 61 79 20 74 78 58 87 24 25 61 47  6  9 97 23 90 16  3 30 96 20 79 96 91 11 31 88  5 40 27 20 85 71 24 31 94 35 36 81 38 81 62 20 46 15 80 78 97 23 62 48 38 35  8
 74 82 47 63 51 12 24 24 11 67 16 36  3 96 37 96 15  4 62 22 88 21 96 19 21 32 86  3 89 50 48 53 36 65 89 93 22 57 68 11 85 92 20  1 66 13 77 10 60 38 11 48 48 83 59 51 70 73 26 52  6 85 98 26  8 95 74 58 52 50  4 65 64 36 68 66 33 25 64 49 44 61 23 91  1 95 33 51 70 90 25 87 25 80 49 86 60 75 87  8  2 55 92 93 18  5  9 20 75 88 26 50 38 99 90 42 99 21 16 95 87 41 14 60 22 18 51 12 12 64 62 46 79 95 54 77 20 50 29 75 72 58 25  7  7 60 21 79 75 56 37 68 86 99  7 32 54 74 99 64 51 67 87 48 72 54 64 32 11 60 76 25 44 24 59 13  9 59 79 60 81 96 95 57 41 64 83 30 54 78 53 19  8 17 35 51 89 37 29  9
 79 79 59 69 14 30 89  7 69 73 62 53 82 73 34 78 32 57  2 37 45 70 60 88  1 73 96 64 80 19 83 40 92 97 30 69 38 22 13 22 77  3 19 62 13 23 38 51 20 74 98 98 82 77 47 93 12 33 77 92 93  9 89 62 19 91 16 76 74  6 80 27 20  5 49  8 85  2 25 88 75 42 17 34 51 28 71 89 50 29  9 81 30 64  9 12 15  2  2 22 31 29 81 31 47 23 38 70 60 50 68 77 94 68 84 45 56 22  3 88 57 86 67 93 42  1 96 37 96 50 99  8 70 72 17 73 53 72 84 26 93 82 62 50 45  5 12 48 82 45 50 30 49 52  7 35 33  9 52 47 45 82 30 80  3 58 30 27 72  1 46 90 87 27 69 20 57 37 94 61  6 46 67  2 52 24 29 27 30 65 36  3 33 89 36 42 25 87 64 47
 68 15 41 23 50 92 82 84 53 97 82 58 61 71 23 45  6 32 69  7  1 59 87  1 77 55 60 30 14 27 11 38 71 43 55 85 65 64 61 19 87  4 83  4 38 40 94 94 88 57 33 99 51 58  1 29 31 26 93 12 55 77 63 53 41 34 57 37 71 77 18 16 26 25 38 45 92 40 46 56 84 39 22 39 57 55 90 16 44 17 21 79 20 34 84  1 17  1 97 77 65 18 17 41 28 26 60 81 25 45 94 11 30 93 31 14 97 71 52 82 10 48 65 61 63 49  1 29 11 30 74 42 56 35 22 73 68 78 94 17 23 47 66 11 83 98 81 76  5 44 18 15 94 15 16 19 25 14 30 82 52 93 99 22 46 54 71 27 79 45 75 92 89 16 44 30 19 69 37 15 82 16 57 78 18 45  5 57 40 96 53 53 93 75 50 34 66 20 13 75
 80 28 31 10 37 69 57  9 48 60 26 62 37 85 97 70 59  4 91 22 22 63 84  8 45 40 51 23 67 38 91 92 66 24 11 74 94 95 40 42 61  7 79 73 81 29 67 50 17 62 91 92 19 10 88 31 80 59 49 92 60 76 77  5 26 94 27 77 36 58 15 65 82 43 98 21 42 17 39 40 45 74 65  2  5 60 57 49 48 78 89 60 63 56 49 49 10 11 23 77 91 67 52 45 84 12 19 52 73 49 11 22 58 39 12  2 34 76 94 73 66 70 68 68 35 95 31 28 87 51  3 56 31 76 63 20 45 41 76 89 33 57 58  2 54 41 97 48 23 49 61 84 83 34  1  7 21 71 74 41  7  5 65 42 10 37 95 94  7 18 13 37 76 59 47 42 70 72 37 13 75 25 50 64 37 13 15 34 70 55 19 30 90  2 62 14 34 48 89 90
 49 75 94 44 98 50 47 60 40 97 97 81 54 88  1 47 95 55 31 69 63 19 56 89 68 35  6 58 62 57 13 97  4 94 17 32 54 74 14 12 61 14 63 13 54 71 44 85 13 89 29 94  4 34 27  2  1 38 13  6 76 40 92 84 45 86 55 91 18 53 44 81 11 24 54 41 41 51  2 92 44 58 61 94 73 74 24  1 62 83 36 75 55 98 32  5 53 64 57 26 56 89 27 89 15 68 10 90 61 42 34 47 11 19 25 72 88  8 19 93 23 28 93 77  8 17  1 26 48 95 71 23 45 62 77 89 28 64 61 50 13 41 46 60 28 53 60 56 52 49 12 48 69 24 10 65 14 35 59 90 81 11  9 77 24 75 38 90 25  3 95 24 94 33 57 86 13 15  7 89 11 80 86 26 86 98 74  5 17 66 61 86 13 49 33 83 40 39 90  3
number of jobs, number of machines, initial seed, upper bound and lower bound :
         200          10   540872513       10676       10616
processing times :
  7  3 45 44 54 36 79 40 10 51 39 45 96 30 89 70 96 32 55 98 15 79 92  9 49 11 57 44 55 91 23 13 23 80 69 74  4 40 19 93 86 45  2 65 79 17 28 90  5 67 71 28 47 56 19 92 57 52 77  4 45 94 81 61 56 97 44 86 61 64 64 95 63 27  9 49 31 14 67 72 49 74 46 84  6 48 19 56 65 18 91 57 31 19 85 37 92 28 83 61 51 97 14 36 30 11  2 20 65 67  7 56 67 96 46 27 42 48 30 89  5 53 70 44 94 97 26 87 79 11 44 11 46 86 35 44  9 25 48 86 85 90 58 72 90 81 18  2 10 93 15  2 78 41 40 99 78 78 74 41 64 60 32 30 66 30 58 54 78 65 69 13 86 43  6 61 17 57 45 94 50 18 67 20 42 45 67 21 64 79 92 66  9 80 67 59 68 72 51 10
 88 75 17 86 77 83 27 65 58 15 28 23 50 73 36  2 46 49 51 44 97 26 58 88 40 31 88 36 53 59 17 86 72 88 61 47 80 65 47 18 98 12 51 81 70  3 45 87 89 15 13 90 40 85 19 99 52 44 94 34 35 53 86 32  3 20 64 14 24 80 57 75 59  5 26 21 25 97 24 84 48  3  1 84 78 21 25 54 30 45 52 54 19 17 57  1 17 60 95 87 36 30 14 41  3 44 88 22 37 29 70 81 58 17 93 81 34 49 33 72 84  2  1 11 56 91 29 46 68  7 75 18 98 32 42 89 91 16 83 47 30  1 18 64 16 58  5 42  1 22 60 48 31 60 82 87 84  3 34 75 40 71 26 86 65 33 94 30 41 64 22 91 71 41 54 56 11 47  7  5  8 32 79 11 32 26  3 26 36 15  5 71 28 91 69 41 11 71 70 66
 69 74 88 93 19 26 92 76 16 16 55 10 71 20 46 43  9 57 85  5 41 85 61 33 25 82 91 22 49 89 33 37 37 20 60 82 70 18 17 12 44 91 58  3 79 24 16 42 77 20 31 42 34 87 69 81 37  2 90 96 68 98  3 12  7 20 86 21 34  4 95 44 22 31 71 23 52 92 21 96 22 88 87 24 17 82  1 65 22 77 38 20 77 64 49 46 74 96 56 94 81 79 49 94  3 59 66 85 69  7 22 68 89 50 28 56 55 69 90 29 33 54 19 72 86 29 42 56 76 24 79 77 56 35 22 91 95 41 41 23 10 78 50 97 90 95 74  1 28 21 69 20 89 46 92 79 33 26 92 66 39 16 93 84 16 59 33 18 11 17  7 68 15 51 78 52 30 75 11 79 75 66 98 88  8 45 74 15 99 55 90 84 56 50 19 81 18 41  1 46
 22 83 19  8 62 40 71 48 49 40 83 57 68 50 99 89 90 40  1 26 72 35 35 23 40 83 85 83 53 97 99 20 41 58 42 62 99 76 95 25  2 48 16 87 33 24 22  5 41 42 69 62 59 47 88 92  3 53 45  5 87  2 98 98 20 69 70 77 51 50 65 27 79 75 14 92 98 50 85  9 52 40  2 27 13 22 70 93 62 62 45 88 53 82 24 88 22 28 93 30 61 34 68 43 87  2 45 68 11 14 25 81 11 91 37 20  4 57 50 55 34 14 64 90 74 80 29 13 67 61 22  9 32 68 60 49 48  7 76 13 87  2 20 98  2 22 68 33  6 63 40 18 87 80 16 34 61 13 83 85 76 75 54  9 21 96 88 21 17 53  4 72 23 11 39 64 20 54 12 35  1 24 14  5 74 90 40 52 66 53 92 42 23 47 14 12 12 70 56 39
 26  5 53  1 56 85 21  8 47 66 12  4 50 44 16 37 73 46  8 88 42 61 13 27 91 83 87 47 26 98 60 84 57 20 36 51 68 35 31 82 93 79 68 94 26 96 99 86 69 58 82 37 15 49 18 28 68 14 90 15 76 33 31 88  3  2 14 40 25 56 98 67  1 59 89 10 56 68 46 77 29 32 51 68  8 83 31 68 65 50 86 60 69 18 23 76 75 53 72  7  5 32 81 59 28 88 56 20 13 93 24 36 58 49 44 27 42 71 51 89 28 89 11 94 92 93 39 59 84 81 30 69 19 49 44 19 51 11 16  7 31 88 17 29 16  2 52 21 38 49 53  9 41 55 25 13  4 74 52 90  5 40 51 29 17  8 91 85 77 20 93 65 83 35 23  4 27 19 71 15 91 73 36 16 70 62 65 77 83 25 98 63 47 11 38 29 31 63 35 97
 60 37 28 70  4 71 65 83 67 93 43  9 75 22  6 49 71 82 72  4 69 18 49 77 74 64 24 24 22 68 53 45 98 69 77  4 61 71 49 26 57 46 52 80 65 43 95 69 51 24 19 55 69 94 98 54 36 57 88 94 44 13 70  8 16 44 67 45 12 75 95 37 10 28 94 36 38 84 90 58 50 80  1 98 39 26 56  2  4 79 93 86 71 28 90 90 57 39 54 93 57 96 20 27 52 17 28  6 10 79 81 38 67 88 90 56 71 97 92 30 74 66  3 89 74 15 51 62 77 88 14 38 62 73 23 26 70  4  8  9 54 84  5 53 50 84 92 23 78 78 62 55 24 22 46 27 35 94 93 53 87 46 85 26 87 26 24  6 99 85 51 36 40 96 73 31 16 31 34 50 14 21 77 26  1 13 65 30 18  5 27 88 42  3 82  8 67 16 73 74
 68 42 14 51  1 60 44 49 89 52 53 35 80 18 46 60 41 36 78 81 12 79 25 28 40 99 70 21 83  1 59 41 91 62 97 47  1 58  5 82 24 94 66 68 76 35 49 38 95 82 56 41 73 43 71 73  1 71 73 55 59 71 18  1 83 40 60 73 23 35 20 84 44 23 38 44 40 15 52 94 42 32 71  5 37  7 69 44 69 24 32 53 61 83 27 91 31 46 17 24 23 36 12 21 60 67 62 40 99 54 78 11 81 59 82 99 97 77 64 78 75 45 37 74 12 11 13 15 70 51 18 92 86 25 52 53 81 67 32 62 53 11 11 61 35  3 21  5  6 87 95 84 39 48 49 99 27 81 42 90 54 49 75 36 53 92 13 11 87 97 50 37 24 22 53 19 47 64 59 55 58 18 83 11 90 40 73 11 71 88 66 75 73 27 12 30 56 34  7 84
  2 62 62 58 14 32 27 52 90 34 90 81 70 37 89 91 75 82 40 32 57 89 36 24 61 19 15 52 58 18 28 79  6 99 92 92 47 35 35 79 66 68  7 37 17 33 53 53 94 86 56 22 12 32 75 94 79 73  6 15 97 35  7 40 59 28 81 15 80 58 12 78 55 10 96 29 13 58 40 11 90 78  4 91 30  9 73 17 22 91 12 49 97 20 39 43 44 56 54 76 72 93 16 24 96 92 90 27 17 85  9 56 61 76 35 79 71 87 24  6  9 88 70  9 33 24 68 49 51 45 31 75 11 45 52 59 32 69 25  7 30 19 14 89 71 75  2 31 39 81 25 87 10 74 24 75 19 60 21 77 35 76 75 25 78 47 70 33 53 24 94  7 92 29 78 92 15 68 74 33 63  2 57 88 42 68 77 79 95 79  9 11 83 11 67 62 55 92 30 40
 34 49 84 38 88 55  2 10 44 75 37 63 47  1 88 97 96 60 14 98 72 33 84 29 22 91 13 34 34 81 63 20 45 50 32 66 49  4 20 17 62 74 34 81 55 87 80 29 35 73 62  9 88 17 90 44 98 84 66  2 39 41  6 48 86 65 43 73 34 70  8 95  9 90 79 14 75 94 43  7 66 63 12 55 18 91 32 21  2 99 46 56 44 39 43 47 38 53 34 72 16 42 81 31 81 68 11 41 83 60 46 32 74 94 58 14 37 77  9 70 26 67 18 24 57 27 37 86 31 46 59  2 98 65  9 32 87 51 23 39 86  3 61 42 60 98  7  7 70 13 44 76 58 16 28  6 47 15 94 22  7 33 33 52  4 28 16 51 25 64 82 48 81 76 83  1 24 91 86 38 90 73 95  4 81 58  5 36 48 42 43 40 58 89 89 84 95 16 66 20
 48 12 62 95 91 52 70 89 18 18 83  4 72 62 77 89 90 63 70 77 76 36 30 95 20 79 67 61 96 81  3 71 83 88 21 92 55 82 50 49  3 53 70 39 63 74  7 85 76 44  9 10 51 30 37 67 78 58 58 36 97 30 73 50 29 44 25 51 69 96 37 41  2 46 79 16 87 76 11  1 27 87 99 60 30 68 32 85 45  7 97 38 55 29 93  5 12 46 61 65 35 72 10  3 78 19 85 45 43 87 15 78 75 14 87 40 84 65  4 68 32 75 25 49  7  5 75 58 40 15 82 40 32 63 39 53 85 47 28 15 42 97 70 53 59 88 58 53 46 78 60 70 33 74 39 25 34 59 82 89 94 83 51 56 82 52 30 63 47 29 99  8 64 17 45 37  9  6 90 69 80 61 22  5 86 25 57 19 24 94 93 16 99 30 49  7 19 15 28 84
