number of jobs, number of machines, initial seed, upper bound and lower bound :
         100          10  1539989115        5770        5759
processing times :
 52 95 42 75 44 57 89 53 84 62 91 14 95 89  4 95  2 97 68 20 33 51 98  8 85 86 73  4 40 98 12 59 44 46  2 41 28 83 28 21 80 71  4 60 34 55 53 96 37 37 63 99 69 70 53 21 10 31 80 18  5 18 17 71 90 93 14 49 52  7 78 57 41 75 98 93 33 75 68 33 60 82 24 99  4 97 24 50 55 91 46 58 17 47 82  6 15 91 74 42
 82 21 79 95 46 23 40 95 87 37 24 24 65 62 19 67 66  6 65 59  2 67 82 90 30 63  5 93 53 85 81 73 34 74 13 78 35 20 16 48 12 11 80  9 24 76 32 35 66 48 16 26 46 66 76 31 36  8 37 21  3 76 67  5 47 72 66 56 95 49 47 26 81 56 76 66 36 53 26 52 29 36 68 21 71 61 71 69 28 86 27 41 86 55 17 62 96 59 53 93
 63 55 59 35 21 59 78 25 30 38 78 79 58 44 38 76 70 72 85  8 10 84 42 67 20 24 75 23 33 60 20 75 83 26 92 29 39 14 74 66 86 10 27  8  7 97 84 56 61  9 94 34 89 62 47 66 76 15 18 54 24 55 96 10 12 96 53 92 77  6 91 14 41 30 85 17 23 60 76 39 85 10 65 15 55 41 28 93 88 27 77 81 19 76 55 67 65  8 18 56
 79 21 93 32  8 45 37 78 26 98 17 25 21 28 68 24 62 89 60 64 38 90 87  1 99 34  9 22 74 14 14 84 75 37 32 29 32 89 12 47 19 97  7 12 43 89 14 33 56 57 22  6 24 55 48 57 78  5 50 83 70 21 71 58 36 50 31 86 29 30 93 49 83 89 44 38 62 45 22 85 39 98 56 68 84 77 67 53 46 24 52 96  2 88 33 27 49 78 82 65
 80 13 64 77 17 78 82  4 72 93 68 25 67 80 43 93 21 33 14 30 59 83 85 85 70 35  2 76 46 72 69 46  3 57 71 77 33 49 59 82 59 70 76 10 65 19 77 86 21 75 96  3 50 57 66 84 98 55 70 32 31 64 11  9 32 58 98 95 25  4 45 60 87 31  1 96 22 95 73 77 30 88 14 22 93 48 10  7 14 91  5 43 30 79 39 34 77 81 11 10
 53 19 99 62 88 93 34 72 42 65 39 79  9 26 72 29 36 48 57 95 93 79 88 77 94 39 74 46 17 30 62 77 43 98 48 14 45 25 98 30 90 92 35 13 75 55 80 67  3 93 54 67 25 77 38 98 96 20 15 36 65 97 27 25 61 24 97 61 75 92 73 21 29  3 96 51 26 44 56 31 64 38 44 46 66 31 48 27 82 51 90 63 85 36 69 67 81 18 81 72
 71 90 59 82 22 88 35 49 78 69 76  2 14  3 22 26 44  1  4 16 55 43 87 35 76 98 78 81 48 25 81 27 84 59 98 14 32 95 30 13 68 19 57 65 13 63 26 96 53 94 27 93 49 63 65 34 10 56 51 97 52 46 16 50 96 85 61 76 30 90 42 88 37 43 88 91 14 63 65 74 71  8 39 95 82 17 38 69 17 24 66 75 52 59  4 73 56 19 39 51
 95 53 54 22 84 54  2 80 84 66 25 16 79 90 51 29 29 90 83 83 19 95 87 12 34 23 44 30 82 83 42 56 89 38 96 10  3 53 97 11 65 47 76 22 17 14 11 69 91 53  3 80 78 32 53 43 85 19 48 49 66 22 37 51 82 59 88 77 19 32 52  9 96 23 64 22 37  3 52 44 11 21 85  6 40 68 30 35 58 31 11 11  6 59 64 65 23 80 75 63
 92 62 11 83 87 66 98 42 23 45 52  6  3 64 55 97 83 42 81 92 68 46 56 88 50 13 23 13 49 18 50 94 71 64 31 21  2 63 58 36 64 52  8 94 51 36 82 30 17 21 80 38 55 34 85 44 47 66 19 66 61 60 98 82 79 71 28 74 27 33 13  9 12 51 16 49 83 48 13 78 96 77 68 88 77 76 73 92 72 87 66 98 40 31 75 45 98 90  4 23
 61 86 16 42 14 92 67 77 46 41 78  3 72 95 53 59 34 66 42 63 27 92  8 65 34  6 42 39  2  7 85 32 14 74 59 95 48 37 59  4 42 93 32 30 16 95 58 12 95 21 74 38  4 31 62 39 97 57  9 54 13 47  6 70 19 97 41  1 57 60 62 14 90 76 12 89 37 35 91 69 55 48 56 84 22 51 43 50 62 61 10 87 99 40 91 64 62 53 33 16
number of jobs, number of machines, initial seed, upper bound and lower bound :
         100          10   655816003        5349        5345
processing times :
 66 46 25 30 17 40 17 20 73  5 60  3 91 34 81 58 48 71 57  5  8 19 78  2  1 78  8 14 46 98 50 88 28 66 43 23 93 52  1 77 54 45 56 54 57 23 18 88 38 72 55 63 71 21 74 65 52 91 12 22 12 26 97 30 30 12 94 46 20 73 58 10 77 27 33 53 23  2 65 35  7 54 43 87 56  4 29 35 37 53 10 90 95 85  2 36 85  5  3 45
 65 35 49  2 95 14 67  8 62 25  2 40 68 75 72  5  5 10 33 56 89 54 31  1 61 25 11  7 88 65 74 16 87 57 89 85 46 54 23 23 96 79 70 33 50 18 65 87 18 15 57 72 48  6 10 98 55 71 19 28 31 79 69 11  4 12 71 62  2 95 35 82 57  7 24 62 70 89 87 21 54 16 72 31 24 94 18 83 36 73 67 74 75 93 16 74 70 16 81 93
 58 66  5 69 38 93 59 56 26 96 60 18 74 93 12 56 36 71 38 96 84 84 65 17 78 45 83 53 60 60  9  7 51 85 66  6  3 93 88 40 85 92 15 51 55 19 58 84  4 23 38 23 13  1 10 76 49  2 81 43 51 71 29 44 26 27 27 56 21 76 88  9 33  6 40 64  5  5  7  5 76 63 35 94 65 25  6 87 60 33 67 81 93 98  9 94 49 27 62 90
  5 13 36 54 76 40 67 31 35 48 85 41 82 95 15 24 77  6 79 36 18 21 34 42 74 46  1 88 29 95 67 41 98 31 25 70 62 45 59 68 22 81 44 80 88 25 93 61  1 97 26 40 84 84 74 39 65 15 71 92 44 27 93  2 55 44 55 23 25  1 51 12 47 98 41 18 44 72 88 60 29 99  2 17 79  6 29 89  4 70 10 79 64 92 42 79 56 94 26 93
 66 41 74 62 70 30 66 11 51 43 32 23 20  1 54 55 65 22 99 97 21 63 45 70 41  6 70 33 97 32 28 54 63 16 12  2 50 48 34 75 45  2 39  4 46 11 66 59 28 74 93 95 48 71 30 22  3 22 82 35 56 14 88 41  4 52 17 95 15 85 12 11 24 71 46 59 16 33 53 22 49 44 76 88 45 52 31 66 17 68 99 78 87 45 78 51 87  4 45  9
 39 12 45 34 11 71 53 28 93 61 61 78 13 49 15 31 93 83 20  1 13 36  6 22 44 65 87 50 96 51 48 89 69 83 22 26 29 67 70 59 34 18  4 65 58 35 86 34 49 88 42 79 25 18 75 45 54 19 80 15 22 56 63 56 79 82 92 19 45 32 11 59 22 14 88 82 82 71  8 13 53 71 98 99 54 20 62 18 81 60  1 93  8 92 60 87 11 24 11 98
 40 62  8 13 87 40 27 44 41 70 10 94 25 10 36 87 37 86 76 70 17 92 90 58 19 97 80 28 67 59  9 92  7 19 82 60 60 58 74 70 72 33 71 68 94 82 46 78 37 69  7 34 69 18 98  8 58 86 77 50 50 82 16 17 68 65 92 37 47 70 66 30  7 37  5 52 86 36 29  4 99 53 52  9  8 50 62 14 21 88  7 85 62 10 61 92 47 77 37 96
 50  4 20 19 58 22 56 92 59 34 17 39 59  7 59  2 70 72 90 56 26 50  4  8 60 60 80 38 51 25 97 73 46 82 92 42 65 12 34 23 99 48 41 40 76 89 42 90 61 25 27 60 79 50 15 65 80 67 70 94 61 55  2 55 78 27 13 20 38 75 23 61 37 43 69  2 44 25 12 31  1 54 94 63 91 27 55 74 77 77 81 29 91 20 99 27 30 85  5  4
 64 44 58  7 69 12  5 69 46 23 95 24 58 88 46 65 31 84  4 73 43 97 49  2 54 12 31 52 29 98 46 83 78 52 63 66 45 49 21 13  9 87  3 15 55  5  8 94 60 18 20 65 50 76 75  7 82 49  3 56 38 85 29 26 23 28 19 10 72 33 21 79 55 69 38 15 58 36 11 98  2 74 16 21 10 98 74 84 55 19 20 37 90 76 10 81 27 52 21  1
 79 18 99 75 47 96  6 22  3 29 12 53 42 61 49 56  9  6 54 57 16 95 26 25 71 50 38 15 85 20 25 67  7 12 50  8 82  5  9 41 85 77 74 17 38 42 20 68 93 15 28 91 32 56 70 51  9 94 63 33 89  6 41 22 68 83 79 69 44 64 77 46 76 64 25 55 30 89 96 71 69 88 24 41 53  8 58 19 50 21 43 18 74 50 20 81 98 92 21 83
number of jobs, number of machines, initial seed, upper bound and lower bound :
         100          10   960914243        5677        5623
processing times :
 47 12 19 32 63 78 77 51 59 54 48 96 52 42 57 30 34 77 80  7 11  2 91 99  5 43 39 64  8 26 71 32 73 26 91 92 55 51 11 22 75 49 95 88  6 19 99 73 27 50 25 33 94 35 63 44 80  7 72 95 40 48 41 15 18 31 68 99 79 78 95 37 37 50 79 30  2 30 78 99 42 99 16 58 35 84 84 35 20  4  9 44 35  5 68 43 69  9 78 57
 94 93 53 63 41 81 74 37 52 24 45 19 72 62 78 83 98 83 58 61 47 16 28 48 63 74 45 36 29 38 66 62 96 22 95 81 92 20 51 71 30 23 77 20  1 96 32 13  8 36 18 64 58  1 72 10 20  6 40 91 56 39 68 50 93 71 79 57  5 95 41 12 84 81 88 32 94 37 31 25 92 74 49 10 76 11 44 32 89 56 69 76 65 47 53 39 41 89 39 20
 56 31 66 73 96 31 41 79 66 49 39 28 24 85 64 37 85 40 35 77 30 26 41  6 19 83 52 54 71 86 45 78 61  5 87 43 44 42 30 12  7 18 80 53  6 81 29 22 49  1 79 56 15 36 48 31 57 49 20 67 20 34 78 27 40 46 23 28 84 33 87 76 18  3 77 50 96 75 91 12 34 51 54 37 82 69 49 19 69 48 96 13  4 28 74  7 24 98 30 97
 59 94 87 22 59 30  2 55 36 73 98 15 54 55  3 54 89 50 68  9 81 42 11 12 55 75 10 91 87  5 44 56 18 89 51 94 11 56 37 85 55 33  9 20 26 80 98 88 55 78 53 46  3 56 46 34 27 21 81 14 52 50 80 48 22 10 56 18 67 63 47 43 71  4 29 99  6 19 56 96 44 94 83 30 65 61 21 76  8 99 68 42 38 44  7  3 61 10 84 78
 74 26 84 41  3 46 39 90 62 63 74  4 37 75 72 30 43 95 41 97 70 92 36 70 37 36 42 34 29 80 91 56 71 14 31 75 80 73 32 56 84 20 64 44 69 63 94 86 66 97 25 90 12 62 83 32 12 38 22 92 63 61 46  6 83 49 78 84 97 56 76  9 38 21 80 47 24 95 80 65 72 91 21 70 12 67 65 90 47 82 62  3 84 30 91  5 11 41 14 28
 78 58 53 17 36  3 83 91 73 81 74  2 31 37 78 74 51 41 78 26 33 70 10 45 70  2 92 50 54 64 44  4 99 43 43 11 60 53 45 63 87 20 71 95 71 99 79 19 41 74  8 55 87 87 37 52 36  6 42 30  3 86  3 89 57 27 28 88 48 26 58  6 33  3 25 61 93 69 53 47 28 36 39 63 66 44 18 67 17 84  9 33 80 27 42 60 96 81 31 88
 17 60 51 61 26 60 80 45 20 62 55 25 68 56  5 14 20 19 92 88 23 78 35 94 31 67 10 15 32 94 15 53 42 45 39 84 64 27 10 22 14  8 70 91 23 35  6 52 93 26 89 49 89 60  6 60 24 70 42 86 64 47 19 17 30 79 53 71 77 95 73 97 32 25 85 79 17 31 78 31 21  5 34 96 95 63  4 60 35  6 75 41 61 11 74 52 60 43 50 66
 74 71 89 81 59 62 64 62 67 68 87 47 60 10 76 46 56 48 61 13 13 38 37 11 12 63 97 26 27 89 74 80 83 49 79 49 44 30 30 53 46 26 31  1 43 27 91 70 89 68  2 82 72 29 12 37 46 50 93 77  6 77  7 63 21 85 67 77 95 52 97 79 21 20  7 54 71 79 22 77 59 11 69 85  7 85 42 44 74 69 68 64 37  4 89 96 92 74 33 90
 12  5 15 16 64  6 65 53 19 93 21 38 54 46 33 38 32 12 90 46  8 78 95 28 47 10 16 45 18  4 98 35 85 77  4 33 87 47  5 81 25 31 83 45 23 30 89 40 92 48 63 63 76 90  1 24  1 77 91 78 93 32 97 85 91 40 67 84 31  5 89 59 69 68 46  4 90 76 97 33 23 46 36 70 98 45 49 50 52 67  6 58 71 53 36 80  8 27 21 66
 98 97 69 24 10  7 79 84 50 86 24 28 73 72 19 20  8 20 45 59 51 54 58 16 38 94 72 69 14 83 86 58 61 77 63 67  1 59 18 26 45 82 78 43 61  2 70 52 99 60 97  1 76  8 15 69  5 31 39 34  9 81 34 16 14 13 36 73  6 43 29 68 59 76 86 43 12 18 55 21  9 47 17 49 28 12 84 12 62 15  7 26 58 30  5  7 40 50 30 64
number of jobs, number of machines, initial seed, upper bound and lower bound :
         100          10  1915696806        5791        5732
processing times :
 95 61 33 79  6 89  3 81 98 35 94 95 44 71 50 51 43 73 52 92 82 52 53 14 49 21 49 46 22 18 41 17 69 31 26 62 85 96 10 62 11  4 59 86 70 80  3 46 30 90 79 35 15 91 37  2 70  4 31 84 53  2 71 39 66 66 42 92 49 83 23  2 81 87  9 42  6 63 79 19  5 62 65 57 13 89 56 46 52 60 79 44 52 98  4 64 95 22 24 29
 84 31 71 84 12 26 34 69 65 90 43 30 74  4 66 22 65 46 36 98 31 65 97 25 46 89 79 44 74 93 43  4 45 48 61 93 76 22 54  7 43 26 40 42 80 38 19 32 70 83 63 42 60 79 60 10 98 56 88 20 77 42 45 98 35  6 93 61 35 67 71 82 49  2 73 61 11 33 99 93 64 58 62 91 43  1 95 50 69  9 58  2  2 55 39 48  5 56 84 92
 64 16 99 70 73 23 15 83 57 80 90  8 23 44 21 94 88 37 16  3 31 73  8 14 99 67 67 14 57 99 47 82 27 91 38 60 73 91 47 13 96 92 32 90 74  6 96 91 66 80 98 38 20 31 13 47 89 67 22 30  8 70 55 67 51 88 34 91 82 97 36 42 92 40 85  6 31 92 41 63 21 54 69 46 10 28 97 66 72 14 88 14 53 65 98 25 62 75 53 78
  5 22 41 94 11 62 32 14 87 76 33 72 96 24 26 96  3 70 70 47 53  2 49 36 25 66 89 58 98 31 91  8 18 83 67 97 61 18  7 53 65 25 80  7 88 61 32 36 53 56 46 64 27 26 22 48 58 18 23 66 64 88 27 19 57 69 55 29 65 38 91 90 52 89 68 12 75 13 21 20 62 95 10 46 88 53 35 75 30 20 92 25 16 66 15 29 84  1 39 25
 76 20 55 51 39 92 83 62 56 59 47 33 31 61 74 73 43 52 23 42 49 66 27 40 53 50 63 61 65  9 30 27 45 58 38 75 45  6 38 56 46 93 63 66 98 20 56 79 21 78 41  8 49 79 92 58 66 62 68  6  5 45 47 27 46 83 56 45 60 12 70 51 99 57 12 56 77 23 41 26 63 39 28  3 35 55 33 72 23 37 14 90 60 16 27 49 21 76 54 78
 73  9  6 84 56 50 65 74 80 25 26 14 95 63 83 42 97 94 64 69 84 28 67 19 75 70 50 28 83 26 67 82 97 39 74 55 22  1 68 53 76 63 43 81 67 33 51 37 72  8 93 98 93 53 68 12 68 83 94 54  5 36 37 56 94 91 85  3 60 52 22 63 96  9 58  5  6 68 49 10  4 50  2 72 40 76 14 74 22 66 78 94 43 36 58 78 20 98  2 53
 58 34 82 99 45  7 43 22  4 71 85  3 88  1 75 85 34 95 26 24 68 87 20 17 91 40 63 76 15 72 69 40 56 82 41 10 91 91 89 93 94 93 97 95 80 33 95 75 59 33 40 79 45 92 17 41 77 88 35 58 20 14 82  9  7 62 91 60 76 24 77 47 56 22 11  6  7 86 23 64 32 58 45 78 17 60 29 71 18  6 67 61 92 75 12 91 10  7 84  2
 54 11 63 98 17 83 70 34 45 54 59 84 25 51 18 28 73 50  4 83 31  4 41 12 94 37 92 10 59 35 33 94 36 56 15 68 43 46 31  2 17 50 18 40 12 13 60 76 82 71 27 95 63 71 52 98 15 47 83 83 69 64 43 32 28 94 86 16 39 67 60 35 70 75 60 75 65 53 89 46 28 93 86 93  1 40 68 79 97 31 85 92 53 21 39 85 40 58 95 90
  3 96 28 90 86 29 83 39 62 69 38 43 39 77 46 47 72 23 80 23 87 69 33 11 77 29 28 29 11  4 95 76 69 44 94 99  6 56 16 97 46 18 33 49 76 20 61 95 92 72 47 54 85 81 19 82 96 18 32 71  6  3 43 85 81 77 22 19 49 96 73 41 98 96 77 44 80 34  7 69 57 54 15 54 45 88 92 88 59 89 48 63 92 17  5 88 58  3 79 46
 76 92 56 65 93 50  3 82 59 15 44 53  6 75 28 56 49 72 88 94 85 42 62 56 75 36 46 92 55 87 45  9 19 76 50 32 63 33 27 95 29 91 96 27 95 39 84 96 42  8 92 16 80 35 51 15 51 76 75 35 69 45 27 10  9 27 16 52 29 33 85 43  1 42 75 80 12 91 43 53 83 29 71 59  2 98 85 26 73 52 87 76 93 70 25 40 45 49 64 93
number of jobs, number of machines, initial seed, upper bound and lower bound :
         100          10  2013025619        5468        5431
processing times :
 68 40 43 72 87 59 67 89 84 43 92 90 23 20 97 57 33  7 69 56 16 41  7 74 54 67 15 85 83 42 29 64  3  9 35 24 72 70 47 78 60 11 60  5 24 52 39 14 65 99 69 96 54 37 35 19 10 88 61 95 18 49 69 86 28  6 40 88 94 78 43 31 54 80 11 27  3 32  2 49 27 81 18 83 84 49 64 20 52 42 51 66 95 18 37 70 22 87 67 15
  1 37 91 59  2 44 29 37 30 20 19 79 41 79 49 21 97 86 15 57 76 14 57 80 93 31 66 30 82 11 71 94 35 71 76 76 26 31 58 31 98 26 92 11 72 46 20 38 57  5 19 65 35 89 41 15 99 19 74 63 92 29 47 80  7 43 89  9 99 38 76 52 48 55 17 63 92 77 31 44 76 18  7 40 47 73 41 70 86  8 63 77 91 24 19 63 72 17 46 66
 10 76 75 29 10 86 62 26  1 62 89  2 62 96 99 91 85 42  7  4 23 74 83 41 63 99 55 37 23  1 84 46 31 93 79 32 71 60 42 24 51 98 64 85 31 11 95 58 57 28 76 40 96 54 91 90 41 72 37 38 64 98 36 20  3 41 93 44  3 19 66 55 66 68  1  5 59 64  1  5 11 46 10 56 25 95 12 48 11 45 25 62 12 67 17 59 30 73 34 27
 50 87 77 88 80 75 41 84 24 27 52 73 75 23 52 97 40 50 95 34  2 76 26 48 16 20 86 62 54 50 26  4  4 59 24 14 49 35 78 77 72 10 87 24 26 46 40 86 40  8 39 11 96 74 22 22 50  6 95 83 70  1  8 94 65 70 61 80 82 23 51 92 25 23 40 69 42 13 17 27 74  7 25 73 81 84 40 28 86 17 66 33 20 84 23 73 25 87  2 15
 77 30 88 21 29 12  2 95 24 20 66 82 45  4 22 81 56 85  3 82 94 72 96 55  3 63 65 20  4 95 20 57 38 46 76 10 79  7 12 60 85 73 18 75 77 71 83 63 52 66 30 71 57 83 34 31 11 50 22  7 82 34  5 62  3 68 35 79 10 60 67 10 87 25 24  4 36 44 22  8 49 97  8  9 18 34 54 42 70 59  8 29  6 42 33 67  7 64  7 60
 79 26 57 98 27 66 89 90 44 91 36 66 71 32 80 25 32 39 38  5 97 56 65 14 58 35 97 24 46 91 53 29 72 43 62 27 57 14 92 69 61  8 78 43 53  2 72 23 85 49  6 34  6 51 17 66 31 58 84 70 87 99 88 60  4  2 99 79 49 53 16 64 72 59 62 66 92 28 72 50 80 48 12 32 76 33 65 18 88 60 67 54 61 72 50 42 30 24 27  6
 68 48 56 54 38 65 56 29 21 99 34 25 66 54  1 52 23 50 61 36 60  1 57 38 68 45 85 13 55 98 12 97  6 94 43 86  2 84 94 28 68 45 43 89 86  8 32 62 11 36  3 23 79 99 57  4 69 69 30 99 51 66 33 13 89 73 26 25 88 70 72 56  1  6 97 57 64 40  4 71 84 50  1 30 84 33 69 19 37 25 27 71 55 19 43 80 93 76 52 26
 70 36 23 72 23 28 14 48 54 86 81 12 26 76 41 89 70 54  6 65  7 14 88 98 57 19 72 41 40 62 47 65 14 99 65 14 99 65 62 30  6 80 52 35 25 54 44 40 99 21 74 10 46 99 88 91 57 85 62 46 88 11 27 35 50 68 58 47 44 37 76 30 98 57  7 15 84 39 62  1 41 59 92 51 82 49 78 87 60 55 57 70 11 62 53 95 97  9 85 17
 26 97  5 89 77 47 60 12 96 63 27 87 46 10 97 59 58 73 11 31 41 23 36 54  7 31 90 83 65 61 15 10 61 55 81 87 81 50 43 67 54 79 26 64 83 56  8 78 27  1 97 35 29 22 16 87 79 82 65 62 99 22 79 37 31 30 40 93 22 91  8 44 95 93 83 38 74 24 50 75 60 15 73 68 63 79 40  2 45 94  3 16 29 55  3 72 87 64 33 64
 64 32 23 94 93 69 75 65 68 93  4 91 15 83 38 34 67 24 78 41 87 55 83  5 34 16 57 66 23 13 35  8 17 20 18 66 10 48 71 64 97 59 25 67  5 15 33  6 27 34 12 28 15 36 22 82 43 97  6 28 65 45 73 63 41 12 11 85 82 41 87 84 25 59 89 86 15 17 44 71 15 10 68 58 33 14  3 89 94 19 33 55 55 37 26 22 75  4 82 30
number of jobs, number of machines, initial seed, upper bound and lower bound :
         100          10  1168140026        5303        5246
processing times :
 30 26 71  3 56 61 21  2 18 76 77 37  2  9 75 61 96 44 24  8  6  8 90 15 48 95 88 62 53 23 60 89 84 28 79 45 14 72 31 32 25 88 35 66 85 20  3 18 66 74 75 39 14 58 27 42 44 91 49 16 80 39 83 19 39 64 59 19 59 63 72 77 39 44 25  4 73  4  3 27 64 12 97 43  7 54 29 72 75 76 36 74 96 88 66 62  3 25 40  4
 98  1 11 71  3 59 80 50 33 22 97 69 91 64 44 85 94  8 26  8 23  8 93 36  5 66 69 73 63 47 14 38 40 86  3 39 68 32 26 83  7 37 81 66 67 12 50 55  8 35 81 72  5  6 37 75 53 57 16 29 98 82 33 25 12 55 17 15 93  2 56 28 49 75 81 62 25  1 91 70 49 47 93 21 77  6 93 68 98 12 72 16 20 92 31 17 24 43  7 92
 75 92 78 26 54  3 46 29 39 10 65 74 97 31 35 53 57 27  1 11 33 41 78 42 20 86 60 42 42 59 53 55 43 70 99  9 20 26 72 20 32 21 28 23  2 37 23 77 86 13 94  2 22 18 10 43 25 46  3 20 88 56 58 43 37 19 16  4  8 25 68 12 73 73 47 43 16 13 42 42 78 47 45 45 21 28 87 24 85 35 83 34 54 35 43 28  4 39 98 72
 45 57 14 59 10 18 87 40 21 59 92 12 88 51 49 85 93 60 20 41 94 46  5 20 89 43 88 47 86 13 54 46 84 73 10 92 73 19 41 44 39 83 24 85 14 31 62 60  1 80 92 11 47 41 91 82  1  4 71 89 89 82 38 58 92 34 77 81 92 27  5 11 98 11 27 13 48 77 52 58 50 98 61 20 17 23 58 76 51  5 63 33 86 16 57 14 78 69 66 27
 56 59 22  2 46  4 31 90  2 75 25 58 59 39 27 97 84 40 22 29 95 70 25 92 45 57 26 47 12 96 67  1 79 23 33 11 77  4 56 12 86 10 48 56 10 52  1 30 41 68 34 60 48 61 83 76 32 17 61 84 25 50 62 32 54 40  3 43 17 49 36 89 61 67 93 53 55 60 21 59 38 98 79 98 83  3 70  3 47 49 60 73  8 37 43 36 47 80  7 66
 56 76 27 87  7 68  9  8 45 54 23 13 91 82 25 92 21 35 81 51 48 47 34 19 82 57 72 19 38 70 96 38 41 90 18 15 25 61 54 27 15 66 27  5 48 67 22 46 56 41 22 70 13 12 30 46  6 81 59 28 96 82 38 40 42 58 86 72 45 98 71 77 91 78 41 52 45 39  3 11 17 91 10 53 71 55  7 27 35 18 82 37 89 60 25 60 28 17 91 94
 63 47 36 26 80 14 50 44 43 94 72 89 22 16  2 23 92 25 63 90 98 74 23  4 30  8 76 28 79 47 92 19 17 15 76 68 74 13 12 84 33 32 24 37  7 12 24 56 10 16 97 38 70 60 31  5  1 37 86 27 49 27  2 36 24 99 55 31 63 34 86 35 11 32 20 15 14  5 30 61 60 47  1 94 82 72 85 89 96 79 12 17 60 16 24 97 95  5 35 92
 94 73  7 25  9 31 13 54 11 81 25 61 34 98 53 26 91 43 23 29 38 51 13 97 94 27 90  2 14 36 48 71 25  1 58 64 47  2 29 18 52  6 32 54  6 47 55 60 88 65 31 94 78 84 88 80  6  5  3 62 48 97 93 34 23 76 33 84 77 80 59 57 91  4 54 31  2 21 58 90 91 41 65 87 87 91 46 40 95 95 44 13 61 67 37 82 84 75  9  4
 63 77 44 15 45 82 54 59 10 21 40 30 23 73 94  4 47 63 42 29 20 43 93  1 59 23 59 12 11 47 62 54 42  5 64 24 39 30 76 20 35 45 42  7 23 40 59 28 68 84 38 14 55 22 88 57 86 84 22 39 48 84 91 55 23 42 10 63 78 56  9 40 99 34 40 44 18 79 28 44 12  6 68 66 29 43 13 89 61  8 90 82 88 16 63 70 72 93 97  3
 72 52 40 79 70 53 32 47 70 38 76 19 46 52 60 49 60  1 19 12 76 12 65 22  7 26 40 34 99 95 76  7 25 55 96 42 44 42 21 15 99 41 55 17 20 55 72 57 81 57 84 89 66 89 59 17 98 22  3 75 41 63  5 69 12 14 93 86 93 14 88 28 56 60  8 70 88 29 33 91 78  2 46 42 89  5 51 76 57 78 31  5 19 95 37  6 38 36 39 36
number of jobs, number of machines, initial seed, upper bound and lower bound :
         100          10  1923497586        5599        5523
processing times :
  1 96 21 57  7 34 72 12 80 99 28 80 30 15 95 19 12 59 66 51  6 36 74 53 25 68 37 42 68 74 93 39 75 54 10 60 15 75 71 22 10 65 39 99 77 39 50 14 75 28 92 74 20 70 43  6 77 25 68 83 28 13 74 18 71 11 17 27 89 14 13 40 97 70 96 13 66 77  2 41 69 34 10 91 98 60  3 86 55 95 73 65 24 22  5 67 39 58  4 30
 95 75 24  3 83 67 88 75 28 65 54 65 34 17 51 98 94 22 57 37 90 38 20 85 49 37 29 84 93 99 44 39 18 40 24 98 61 72 21 76 87 32  8 17 54 43  3 65 33 36 70 18 19 76  7 34 66 72 16 95 80 10 63 14 89 65 43 44 28 39 59 91 70 24 96  1 92 79 57 88 60 70 38 94 94 30 50 17 43 28 33 48 48 81 50 86 23 95  3 80
 17 74 87 39 14 28 12 49 88 91 53 40  1 55 39 35 99 17 69 67 13 98 79 20 57 68 17 27 25 36 67 73 34 47 65 79 31 54 56 33 66 30 89 45 44 91 18 67 94 41 78 27 15 55 28 28 26 98 98 77 79 12 96 78 29 28 14 52 27 51 46 98 97 38 78 89 67 91 51 62 79 93 25 61 59 20 92  1 35 97 79 37 72 76 89  7 79 85 40 24
  6 73 64 30 30 99 61 26 38 46 76 65 51 39 23 71 63 94 62 87 43 45 46  9 10 42 43 46  7 15 32 80  4 73 42 98 24 25 13 38  3 69 38 61  8 54 90  3  5 25 31 38 36 35 52 13 78 31  8 62 36 98  7  3  5 82 41  2 63 56 85 85 25 98 58 16 99 61 21 26 67 96 70 89  5 45 38 79 73 99 33  1 84 79 44 39 16 50 39 55
 24 83 59 58 60 15 15 27 47 25 43 11 20 36  3 42 51 11 86 55 20  3 64 19 49 70 28 53 96 52 44 24 40 66  2 89 70 69  3 77 96 40 66 75 81 52 78 86 44 85 79 28 43 20 16  9 80 36 14 86 70 87 77 44 52 86 12 49 68 56 59 87 82  5 23  6 15 42 63 66 59 98 67 73 94 27 56 96 81 92 68 92 77 94 93 28 75 74 34 80
  3 65 73 81 38 71  3 40  6 98  4 23 23  2 66 67  8 76 58 82 63 18 17  5 75 52 95 55 62 84  5 33 72 52  8 74 70  5 38  7 86 41 99 98  2 51 13 96 78 49 59 42 18 51 95 82 96 45 25 80 42 66 41  1 14 66 89 35  2 63 80 34 45 42 81 27 15 42 80 11  4 84 25 45 42 61  4 34 54 46 80  1 94  8 56 52 13 39 62 84
 53  7 27 44 36 21 53 38 37 90 34  1 83 64 69 30 18 74  9 70 41  5 70  5  4 65 53 17  6 98 84 39  3  9 50 58 87 54 41 87  9 49 93 70  4 13 60 41 48 75 86 28 67 29 53 24 95 66 32 66 61 18 99 48 31 66 15 93 64 77 67 74 90 44 51 17 50 80 44 63 19 24 24 35 79 62 11 59 14 89 16 96 72 95 92 34 64 83 66  6
 71 54 48 16 22 14 39 99 68 32 20  7 26  2 58 92 86 45 19 90 54 51 88 72 44 85 20  5 10 98 44  6 44 12 55 14 66 28 80 64 13 73 44 11 89 78  6 10 44 28 77 33 22 77 90 23 10 44  1 53 58 40 48 94 20 34 16 99 27 80 24 19 34  6 65 11 14 97 14 77 58 86 72 20 22  2 28 16 54 19 77  7 27 19 80 80 40 49 46 85
 55 56 21 77 83 43 11 64 59 37 96 27  9 63 82 31 27 67 82 65 74 41 10 36 69  1 21 72 37 54 88 65 97 71 13 90 88 39 46 89 99 82 14 14 63 67 16 46 28 91 69 34  9  7 43 62 29 70 28 62 34 67 16 83 64 32 43 67 37 79 31 41  3 11 71 21 26 98 39 73 59 33 71 49 22  6 68 14 36 17 30 83 94 53 30 74 24 47 76 28
 20 35 25 81 19  4 42 58 18 19 73 14 44 13 11 55 91 51 42 47 94 43 68 77 42 75 17 85 54 83 30 52 89 54 74 86 27 22 24 11 12  8 15 21 75 84 29 15 26 83 38 32 13 10 23 28 42 68 78 39 76  4 45 25 23 77  3 20 49 35 29 59 14 94 11 17 80 70 20 25 12 78 58 13 22 53 92  7 62 94  8 81  5 24 98 85 75 57 37 96
number of jobs, number of machines, initial seed, upper bound and lower bound :
         100          10   167698528        5623        5556
processing times :
 47 45 28 99 48 24 89 73 34 78 88  2 36  5 50 70 78 50 25 84 38 93  4 56 98 36 80 41 79 54 28 30 70  9 53 56 59  6 74 30 47 68 45 59 95 58 46 18 99 33 96 77 52 46 19 41 97 90 29 58 93 79 32 62 84 93 10 91 61 36 75 76  5 88 14 18 14 35 82 75 70 95 15 60 93 49 33 33 11 25 85 17 40 33 67 35 64 53 12 57
 79 92 92 45 88 30 28 95 65 20 16  8  1 46 38 54 36 87 53 82 52 19 66 42 41 87 52 81 63 86 39 80 20 11 89 31 53 49 37 41 27 83 79 89 36 81 91 22 25 83 60 38 65 29 38 25 52 81 10 29  5  7 19 94 15 52 36  4 32  9 62 17  7 42 27 36 37 19 60 34 57 60 48 51 22 18 68 23 94 30 80 50 16 24 74 61  2 59  7 82
 94 35 24 29 32 39 73 27 48 18 57 76 44 80 29 12 18  2 24  2 13 11 52 52  2 10 41 40 34  1  2 46 39 43 17 85 14 11 84 46 16 58 53 72 20 79 19 12 76  5 75 99 73 20 70 28 13 89 16 64 92 69 15 81 31 22 37 95 42 65 79  8 46 95 95 59 75 62 56 66 68 58 18 97 94 26 25 86 38 44 73 65 75  4 81 66 27 32 47 69
 69 92 13 93  5 35 76 29 47 18 56  5 34 25  7 57 57 79 54 89 91  7 52 44 36 51 40  5 93 54 43 48 62 77 19 49  9 83 42 82 37 28 12  8 46 75 47 33 77  5 55 28 72 83 82 86 38 51 91 96 54 38 55 71  3 41 48 30 30  2 16  6 57  2 78 15 73 26 96  8  4 79 84 88 36 70 81 92 96 82 19 86 50 12 71 28 41 11 95 42
  8  9 34 15 30 83 15 98 15 40 63 81 72  4 44 82 86 37 26 63 60 69  5 73 74 89 23 80 94  4 23 53 38 53 70 25 97 76 12 83 47 84 77 78 24 67 39  1 18 68 68 11 48 38 38 23 68 75 89 58 57 86 24 54 81 13 49 81 74 23 42 95 43  9 88 23 28 86 88  6 64 49 85 53 34 86 39 90 33 22 11  4 33 95 74 17 67 82 31 34
 15 88 56 27 75 61 69 87 53 40  4 50 97 19 75 57 13 72 63 36 60 52 92 88 59 33 74 17 28 95 25 57 59 83 35 78 92  3  7 66 12 54 68 39 83 59 20 76 88 90 24 80 44 95 45 12 84 27  1 95 77 14 74 56 76 79 92 35 40 40 23 36 82 58 35 67 96 21  9 79  8 62 66 59 19 77 35 48 63 52 66 26 91 60 24  6  7 23 75  4
 40 62 38 14 55 89  3 29 53 63  1 72 25 32 85 99 25 75 44 33 37 52 99 37 85 81 91 46 81 46 77 95 13 18 60 44 84 80 30 11 29 75 49 50 38 56 11 58 18 33 67 84  1 45 25 47 31 99 28 59 36 70 77 54 44 32 35 24 13 17 21 97 23 67 38 81 31 54 41 28 38 51 77  6  2  4 89 82 39 16 42 36  1 75 14 22 69 19 90 21
 71 79 62 94 71 66 90 64 39 64 47 46 96 79 29 13 22 50 72  6 56 84 52 85 70 97 63 86 60 68 63 78 56  1 83 52 92 42 24 33  8 92 90 74 54  8 57 31 87 75 50 53 71 79 16 77  8 37 75 46 13 79 17 38  9 13 19  6 74 59 69 46 64 36 38 15 19 88 23 63 62 80  7 30 51 72 80 75 38 57 40 92 65 52 66 23 27 40 89  6
 64 10 62 58 91 92 49 30 93 44 25 76 43 22 49 27 69 18 69 33 29 66 14 38 15 11 42 62  2 78 94 32 24 58 89 46 29 26 31 46 38 88 70 70 60 15 66 27 78 61 89 62 18 73 69  5 44 14 22 88 29 98 13 60 44 38  8 61 82 69 53 66 31 48 52 97 48  6 25 19 31 25 76 60 71 21 26 19 19 42 23 90 72 26 82 12 83 60 54 95
 55 29 20 90  6 20 27 60 61 10 44 16 75 58 75 81 21 96 53 63 72 95 92 14 52 91 51 20 54 55 13 77 66 41 22 44 50 89 90 17 56 25 67  7 64 52 10 32 42 66 39 95 13 37 56 98 90 84 11 70 40 77 45 32 80 26 61 95 42 48 67 19 14 98 99 45 36 72 21 88 50 94 17 11 70 49 52 28 68 51 65 29 32 27 79 30 93 79  9 71
number of jobs, number of machines, initial seed, upper bound and lower bound :
         100          10  1528387973        5875        5779
processing times :
 73 39 77 45  7 96 62 56 78 60 85  5 97 93  2 79 71 22 28 91 26 75 32 19 60 29 97 30 78 33 89 90 99 89 54 54 42 38 84 41 61 32 11 58 84 31 48 94 32 68 87 95 72 42 49 53 85 26 51 81  7 43 79 27 66 27 92 29 87 57 67 95 10 84 25 96 27 35 59  1 55 30 78 29 76 39 10 89 77 49 56 52 43 37 22 85 61 49 82 49
 11 37 29 94 18 59 62 65 38 72 40 93 68 62 82 56 94 52 82 40 20 58  3 92 63 73 30 61 41 60 19 33 96 56 96  9 67 88 76 19 34 64 48 77 18 30  2 53 42 82 11  6 19  3 96 47 61 93 76 35 60 76 70  6 95 42 61 40 27 70 69 74 44 13 26 71 94 56 15  7  5 86 66 19 30 54 15 83 74 66  8 46 85 69  2 97  8  8 10 44
 23 51 47 54 90 24 44 63 61 16 16 41 60 98 32 42 49 36 41 39 29 41 58 30 55 22 11 54 37 62 40 67 29 31 37 44 27  4 19 21 41 41 68 84 56 52 66 19 66 97 77 93 34 12 95 52 27 93 95 74 56 92 87 48 32 69  6 18 94 46 40 32 60 84 24 37 51  9 43 89 66 94  8  4 58 59 16 44 29 99  8  1 76 66 14  2 59 93 60 11
  7 56 89  3 93 30 56 33 54 42 94 41  4 40 10 25 24 82 33 20 37 92 27  1 74 83 38 77 48 72 55 25 72 12 65 25  1 31 58  3 84 42 23  3 60 24 89 47 30 35 94  3 64 34 90 70  9 72 90 32 71 53 66 22 11 77 32 60  3 21 83 49 26 75 50 61 20 80 15 32 88 36 15 90 79 41 12 41 97 94  5 15 77  4 97 46 85  5 38 83
 83 35 37 51  6 18 91 94 24  4 75 22 93 93 69 83  4 83 32 62 70 11 78 59 73 90 79 93 20 35  1 78 24 87 76 85 18 40 73 88 25 57 46 16 67 33 75 61 57 39  6 53 28 52 31 71 29 13 33 58 88  7 62 85 32 30  6 87 99 96 86 85 24 94 56 64 13 85 41 74 56 37 90 71 84 19 94 23 61 52 26  5 70 28 11 43 59 78 85 53
 40 31 40 37 61  2 52 97 23 92 71 94 77 63  7 37 89 13 26 70 39 47 17 43 38  5 79 88 46 61 94 74 72 15 12 23 70  4 96 79 97 68 17 40 16 20  2  2 27 12 28 72 30 14 19 43 62 76 15 25 50 19 43 35 67 78 74 80 88 71 70  1 23 41 44 34 34 85 66 76 50 86 11  8 67 19 98 82 66 41  2 45  8 88 99 75  8 22 31 28
 62 52 23 64 71 54 70 48 31 18 24 46 66 25 84 30 76 10 63 46 81 86 48 29 43 86 90  9 76 97 88 63 54 10 47 95 25 23 27 92 76 59 22 60 88 93 92 16 77 31 44 45 28  6 63 12 69 53 15 46 19 26 52  2 18  4 64 62 36 59 62 81 96  9 26 46 98 95 84 35 86 81 52 75 51 52 51 98 65 20 87 19 20 41  9 21 12 64 63 94
 55 62 17 23  5 26 40 36 36 55 45 78 99 58 50 87 17 37 18 41 68 89 36 95  6 58 21 95 78 78  7 83 54 25 99 23 84 17 73 51 38 12 56 39  8  8 86 47 24 88 47  6 91 85 62 84 61 65 93 26 17 98 72 42 33 80 18 34 31 72 26 67 70 14 72 25 80 71 92 74 58 27 96 49 33 74 11  4 58 19 11 83 90 44 95 27 93 35 71 96
 90 32 53 60 68 59 66 81  3 90 21 77 97 42 94 88 42 81 59 73 13 97 92 33 55 36 89 64 51 37 87 17 11 72 93 52 98 91 30 52 69 39 59 43 84 26 62 45 89 88 47 85 57 49 83 40 50 20 85  2 79 10 98 51 96 35 32 18 66  9 51 62 34  4 65 38 28 37 50 30 32 67 13 87  6 93 78 31 16 63 37 60 91 56  5 78 85  9  5 20
 41 76 42 47 94 93 51 34 37 65 32 85 33 99 99 85 34 14 16 55 24 83 69 98 57 42 24 83 19 65 74 77  1 73 68 17 75 91 85 90 79 80 23 95 82 33 57 93 38 99 93 47 17 84  4 76 59 59 10 82 99 47 22 10 26 52 83 62 84 42 87 28  8 60 47 46 85 90 54 78 32 83 59 48  5 61 25 80 76  4 18 28 82 74 21 11 32 45 11 77
number of jobs, number of machines, initial seed, upper bound and lower bound :
         100          10   993794175        5845        5830
processing times :
 80 65 79 47 17 93 56 24 22 40 71 96 59  6 49 63 45 61 33 29 56 10 88 67 86 80 74 65 64 33 72  4 32 24 23 96 65 84 95 87 51  9 79 51 49  8 58 95 44 84 42 28 16 56 71 86 28 73 28 93 56 95  7 56 73 13 98 41 88 36 19  8 13 85  8 44 90 28 93 13 95  2 10  8 99 61 81 53 30 99 82 42 83 47  8 59 40 69 38 29
 13 20 78 41 80 12 48 56 95 66 27 67 93 43 99  4 27 18 72 12 55 78 95 81 25 69 88 31 47 75 32 87 50 40 18 53 10 31 74 89 27 47 99 48 73  6 76 34 18 52 40 51 91 14 29 17 37 78 90 41 72 67 11 68 97  5 73 45 94 66 40 33 53 18  8 74 84 22 25 79  4 55 50  3 74 35 28 11 42 43  1 54 94 44 47 87 48 32 46 20
 14 17 56 83 77 39 24 63 18 85 30 51 44 95 23 67 75 75 62 71 18 45 40 17 58 66 78 22 23  2 73 44 95 15 95 14 35 36 55  9 55 78 97 95 25 74 93  6 92 12 75  3 84 38 87 68 51 24 85 45 68 45  1 32  3 63 29 53 36 94  3 96 56 44 74 21 36 31 99 44 66 28 27 54 86 90 58 66 17 96 74 59 44 20 33 14 35 24 16 37
 90 52  6 48 74 63 46 57 17 18 47 71 92  4 46 60 32 38 46 46 16  9 36 90 59 86 87 66 98 16 70 34 26 70 98  5 54 53 44 20 77 31  6 65 17 38 14 34 45  9 41 22 63 84 21 20 12 17 33 20 82 18 17 53 52 68 43  6 71 37 41 96 93 60 55 31 70 71 28 71 14 17 92 14 18 33  8 49 10 49 66  1 93 78 45 31 38 89 14 44
 46 50 52 73 58 19 51 11 70 24 62 68  2 20 38 18 18 53 66 75 57 38 42 77 28 36 63 24 69 26 23 57 72 70 17 48 91 91 95 26 62 90 15 35 91 95 27 27  7 31 97 38 76 68 83 23 67 41 52 63 93 67 77 95 67 20 60 19  3 92  5 52 65 85 13 43 66 59 11 45 18 88 59 57 83 37  8 24 39 72 91 20 34 80 88 88  1 73 22 63
 73  7 55 74 30 15 25 18 74 45 99 49  2 69 18 33 38 70 22 19 31 94 31  9 84 78  8 81 24 70 71 99 60 78 91 65 48 78 84 12 94 53 79  7 73 81 66 26 58 98 95 41 69 15  8 53 38 36 92 81 62 23 55 55 85 16 93 36 16 25 40 69 45  2 22 21 44 47 75 57 10 93 85 52 16 31 10 93 59 30 87 75 72 14 93 33 19 81 38 36
 84 81 92 19 83  3 71 18 10 34 71 89 52 47  8 91 68 58 63 44 57 44 52 72 51 99 51 96 50 80 11 53 39 14 71 47 39  5 48 76 98 64 85 68 96 40 42  2 97 95 94 28 45  6 39 49 19 85 94 35 99 80 61 39 84 64 25 91 62 13 18 29 39 44 55 92  4 45 53 62  6 28 85 27 37 69 49 33 84 29 53 81 14 11 70 86 51 75 86 39
 69 91 39  9 36 15 71 55 21 86 82 67 47 32 97 61 29 49 54 92 98 93 84 30 14 43 26 18 92 63 90 20 84  5 76 58 98 68 37 36  1 43 84 83 96 98  3 87 99 34 90 90 39 55 44 93  5 97 60 99 30 51 39  2 68 41 60 36 41 61 62 13 22 61 63 17 23  4 25 76 13 13 64 38  1 88 38  9 31 82 62 81 61 81 71 79  6 57 83 93
 35 23 57 85 59 80 81 45 23 43 43 16 70 22 26  8 13 67  8 85 54 81 73  6 72  9 43 25 11 75 22 14 97  5 14 89 34 39 40 36 77 52 66 82 51 85 57  6 84 59 76 70 49 65 86 46  2 68 25 84 30  3 59 35 52 52 34 66 20 91 44 42  5 90 30 89 54 54  3 16 89 23 72  1 85 84 73 59 59 75  9 30 42 52 38 16 23 15 68 26
 77 27 24 70 37 90 10 74 63  3 78 69 90 41 67 28 73 55 45 18 37 36 36 56 87 40 24 99 13 95 63 24 65  2 93 73 93 55 86 99 23 32 78 28 94 59 72 57 46 88 30  9 50 61 37 44 66 84 52 71 41  7 70 72 54 73 61  4 66 35 83 52 17 38 29 80 58 72 94 94 74 27 76  8 94 16 74 81 47 63 10 85 98 64 81 89 77 72 20 24
