number of jobs, number of machines, initial seed, upper bound and lower bound :
          50           5  1328042058        2724        2712
processing times :
 75 87 13 11 41 43 93 69 80 13 24 72 38 81 83 88 26  6 89 67 70 30 89 30 68 21 78 46 99 10 17 23 83 47 86 18 67 46  4 14  4 20 88 50 84 58 93 76 50 30
 26 37 25 95 49 12 59 17 46 20 52 44 92 75 95 33 10 45  2 62 62 82 29 29 94 20 42 80 94 35  8 41 65  4 71 30 14 32 50 30 27 98 39 84 65 12 58 45 49 15
 48  4 92 92 72 45  5 98 93 17 79 11 16 89 81 92 45 61 39 28 94 87 23  1 55 91 67 91  4 60 38 25 90 93 13 65 25 34 47 98 91 11 46 50 77  5 14 47 80 45
 26 67  4 14 93 54 21 20  6 18 75 25 16 77 28 24 15 77 36 16 32 46 21 81 28 70 89 54 96 62 46 60 19 97 13  7 44  7 73 15 66 70 97 33 97 64 73 28  4 87
 77 94  9 57 29 79 55 73 65 86 25 39 76 24 38  5 91 29 22 27 39 31 46 18 93 58 85 58 97 10 79 93  2 87 17 18 10 50  8 26 14 21 15 10 85 46 42 18 36  2
number of jobs, number of machines, initial seed, upper bound and lower bound :
          50           5   200382020        2834        2808
processing times :
 27 69 78 90 23  6 23 28 98 57 96 85 60 34 42 73 31 11 60 57 88 38 43 30 77 85 58 58 45 72 86 83  3 14 91 27 17 13 21 82 91 11 88 99  8  6 71 53  2  2
 91  9 33 97 27 17 97 96  1 30  5 78 58 20 42 97 96 75 89 66  9 59 84 93 83 58 92 82 12 89 81 20  4 93 12 75 35 58 70  9 79 29 45 27 71 89 21 78  4 17
 97 49 17 54 52 74 44  8 75 19 91 94 77 80 20 48 90 30  5 20 46 72 10 97 44 85 40 68 62 76 60 65 91 63 67 26 57 22 67 70 30 57 67 29 63 77 28 73 63 20
 67 72 50 12 54 69 35 26 80 13 17 10 74 63 17 11 15 30 91 89 93 62 16 49 73 58 68 15 92 31 16 56 42 32 85  2 39 39 79 86 35 30 10 42 77 69 47 83  8 27
 11 73 28 12 71 20 65 56 44 79 26 43 44 28 70 64 57 53 84 45  6 77 39 94 72 93 80 35 32 59 31 86 52  7 99 20 95 21 63 73 97 49 77 83 73 94 35 89  9 29
number of jobs, number of machines, initial seed, upper bound and lower bound :
          50           5   496319842        2621        2596
processing times :
 38 23 13  1 10 76 49  2 81 43 51 71 29 44 26 27 27 56 21 76 88  9 33  6 40 64  5  5  7  5 76 63 35 94 65 25  6 87 60 33 67 81 93 98  9 94 49 27 62 90
  5 13 36 54 76 40 67 31 35 48 85 41 82 95 15 24 77  6 79 36 18 21 34 42 74 46  1 88 29 95 67 41 98 31 25 70 62 45 59 68 22 81 44 80 88 25 93 61  1 97
 26 40 84 84 74 39 65 15 71 92 44 27 93  2 55 44 55 23 25  1 51 12 47 98 41 18 44 72 88 60 29 99  2 17 79  6 29 89  4 70 10 79 64 92 42 79 56 94 26 93
 66 41 74 62 70 30 66 11 51 43 32 23 20  1 54 55 65 22 99 97 21 63 45 70 41  6 70 33 97 32 28 54 63 16 12  2 50 48 34 75 45  2 39  4 46 11 66 59 28 74
 93 95 48 71 30 22  3 22 82 35 56 14 88 41  4 52 17 95 15 85 12 11 24 71 46 59 16 33 53 22 49 44 76 88 45 52 31 66 17 68 99 78 87 45 78 51 87  4 45  9
number of jobs, number of machines, initial seed, upper bound and lower bound :
          50           5  1203030903        2751        2740
processing times :
 37  5  8 37 71 65 13 35 52 63 58 13 69 35  9 90 57 90 55 36 84 31 50 44 38 12 57 70 92  1 72 94 96 78 30 46 60 95 82 94 62  7 51 44 31 40 29 78 57 42
 77 64 66 33 47 67 61 99 54 66 57 65 24 30 95 40 85 46 46 55 39 22 41 41 40 19 56 16 48 38 25  2 99 67 94 50 26 54 67 57 18  8 81 49 96 18 50 46 22 48
 91 36 63 69 83 29 33 97  1 74 74 53 74 54 21 41 92  2 83 63 87 37 64 65 40 77  1 12 54 39 24 79 47 80 40 44 58 20 50 16 99 22 33 60 87 55 70 93 52 41
 91  7 40 92 47 49 87 76 49 41 29 27 14 68  9 69 94 51 64 67 47 66 27 49 92 74 59 36 79 16 43  4  3 11 13 95 64 38 32 76 66 37 28  7  2 88 92 58 24  2
  5 73 99 23 83  9 89 94 84 97 99 43 71 86 51 22  2 60 17 81  6 40 32 82 63 50 74 36 56 10 24 82 90 29 99 38  7 77 50  4 11 73 16 27 98 30 51 77 54 92
number of jobs, number of machines, initial seed, upper bound and lower bound :
          50           5  1730708564        2863        2837
processing times :
 17 43 13 20 41 94 18 28  8 71 82 42 90 76 62 95 74 80 33 91 35 80 79 68 97 98  3 22 52 80 32 75 78 36 46 16 36 93 39 19 95 91 49 35 93 11 93  6 96 19
 33 98 67 81 43 72 32 66 97 36 36 67  1 47 87 12 91 21  6  6  1 38 69 77  3 75 64 53 18 10 97 18 48 70 60 75 94 14 53 90 19 42 86 15 58  7 65 40 51 61
 98 90  4 39 79 76 53 77 10  2 97 31 62 28 74 60 53 74 88 11 88 92  7 80 67 27 21 43 59 30 17  4  7 21 83 44 70 30 39 35  8  6 92 39 55 34 98 47 99 16
 90 93 35 65 66 10 48 81 27 49 61 73 60 88 42 62 28 55 58 55 90 61 73  3 74 94 30 81  9 87 58 42 59 48 29 83 60 83 76 43 90 14 84 10 15 38 90 80 19 15
 75 68 39 71 31 43  5 32  6 56 56 72 23 95 50 53 27  8 18 81 57 54 99 20 10 19 18 53 73 10 74 93 22 75 84  9 27 32 51 83 70 13  1 81 13 98 58 28  3 21
number of jobs, number of machines, initial seed, upper bound and lower bound :
          50           5   450926852        2829        2793
processing times :
 12 72 29 16 22 61 69 71 86 16 54 53 64 96 79 68 98 87 40 74 22 23 47 55 21 90 68 14 42 41 40 63 23 75  4 31 87 25 47 70  1 49 59 11 93 38  5 43 82 33
 26 89 86 10 16 72 96 47  9 56  8 69 87 84 62 52 82 66 67 33  3 53 95 42 59 77 38 12  1 66 24 17 58 71 88 63 60 86  8  8 44 99 80 76 94 75 63 57 76 34
 27 97 53 16 36 28 50 41 42 86  2 45 86 43 92 73 99 84 83 61  7  8 62  3 21 50 71 95 70 60  4 58 16 30 80 71 59 75 52 25 86 48 53 54 98 36  9 78 80 88
 52 30 62  8 45 77 90 52 39 95 86 15 98 59 22 43 85 93  6 46 51 97 79 46 71 18 33 13  3 32 28 48  8 42 26 26 95 44 74 82 28  4 42 81 56 38 50 12 43 51
 24 57 68 58 76 70 72 56 56 55 89 23 42 26 87 17 38 24 82 55 47  7 99 89 20 65  3 45 89 96 16 42 70 69 77 46 20 71 91  8 34 72 40 82 60 59 59 43 72 10
number of jobs, number of machines, initial seed, upper bound and lower bound :
          50           5  1303135678        2725        2689
processing times :
 82 73 84 63 14 73 84  9 38 67 76 18 70 69  4 58 66 11  1 51 38 16 81 39 56 83 27 29 93 70 64 22 84 25 73 81 10 46 32 38 68 40 33 79 64 36 62 82 44 99
  6 49 84 72 39 51 77 59 97  5 83 51  9  9 59 30 86 49 46 13 45 51 68 82  6 99 12  8 36 24 82 73 66 69 71 70 61 42 77 10  2  6 24 97 15 91 32 68 17  1
 49 25 46 37 56 50  9 62 10 89 66 98 10 70 92 36 82 54 34 34  5 12  3 56 44 41 14 25 78 25 89 83 78 23 51  7 20 30 30 30 63 82 40 39 37 44  2 27 71 45
 57 88 88 43 25 81  3  3 78 97 74 71 50 70 23 43 51 97 57 77 90 58 75  4 12  2  4 28 54 39 30 71 89 33 85  2 69 20 64 94  3 41 37 36 74 53 49 77 13 37
 34 31 15 32 45 50 81 46 93 13 47 50 70 21 41 12 18 28 22 60 69 49 38 80 52 45 34  3 61 96 99 49 78 34 78 79 64 55 63 24 58 25 93 73 45 93 37 64 92 59
number of jobs, number of machines, initial seed, upper bound and lower bound :
          50           5  1273398721        2683        2667
processing times :
  9 19 86 38 71 82 12 20 37 22 97 85 93 33 69 70 29 48 28 76 91 54 71 36 13 44 27 23 95 15 25 88 46  5 38 74 21 36 21  4 96 78  7 72 80 38 17 98 88 78
 80 54 73 83 15  5 27 20 75 24 73 88 17 24 53 86 10 30 71  5 11 97 10 84 58 47 69 80 49 74 37 94 51  1  9 16 89  2 80 38 94 93 89 95 95 63 17 98  2 19
 28 58 52 11 21 97 49 55 16  4 82 60  5 52 42 61 87 89 76 46 32 18  3 60 34 69 47 95 92 70 71 73 58 17 26 39 60 72 93 27 27 63 59 76 97 85 57 49 60 30
 70  1 23 18 42 96  2 52 49 82  4 67 77 24 68 37 28 65 93 68 18  6 49 67 93  3 10 80 44 26 83  4 50 74 14  8 67 18 60  3 43 31 59 69 13 46 53 27 28 63
 55 39 86 40 92  2 65 91 67 92 55 40  1 81  2 78 25 27 46 61 46 59 16 41 65 75 69 68 68 23 30 29 37 64 44 69 36  9 45  8 50 10 46 83 91 79 39 83 36 28
number of jobs, number of machines, initial seed, upper bound and lower bound :
          50           5   587288402        2552        2527
processing times :
 34 40 22  6 50 64 48 74 67 22 26 13 24 54 22  9 28 48 83 85 79 78 40 15 95 75 73 41 52 71 84 73 25 41 74 15 58 55 47 12 36 48 96 47 64  5 24 78 59  4
 24 85 19 94 59 65 42  8 10 15 96 63 30 20 31 94 35 84 83 53 57 25 71 22 31 35 40 76 14 48 42 11 92 68 55 88 52 36 62 42 51 68 10 38 29 56 23 71 45 98
 20 61 69 28 69 35 17 59 16 54  6 18  2  4 80 45  2 18 83 21 41 51 85 56 88 40 20 16 22 98 56 69 90  9 81 65 38 75 60 81 59 94  3 19 15 29 94 48 39  3
 65 39 68 40 82 31 29 17 69 44 19 29 60 27 93 35 17  1 99 96  1 62 84 42 60 42 66  1  1 31 41 62 83 74 38 56 57 54 45 39 85 40 21 84 17 24 65 98 90 46
 47 62 11  6 21 60 82  2 31 27 81 34  7  6 53 19 28 63 29 34 96 39 19 45 64 72 26 59 51 74  3 11 96 50 23 43 36 52  9 44 32  2 78 83 69 47 17 35 45 30
number of jobs, number of machines, initial seed, upper bound and lower bound :
          50           5   248421594        2782        2776
processing times :
 24  1 57 86 35  9 55  8 93 11 39 10 84 80 59 37 80 69 13 19 25 92 45 14 73 85 75 96 33 17 76 96  4 16  9 66 46 64  3 93 74 29 68 38 86 90 50 11 64  4
 51 57 82 47 82 14 79 57 88 79 22 72 58 78 18 48 72 38 71 82 61 73 50 56 95 16  6  7 86 21 27 44 64 32 46 37 39 96 44 70 41 56 44 27 41 66 87 42  7 54
  8 54 15 47 73 33 73 35 45 75 83 12 59 95 96 75 62 44 43 30 47 36 65 85  1 71 13 54  2 82 16 15 14 49 68 28 87 85 90 17 54 59 25 23 60 60 68 70 80  4
 59 85 73 87 87 89 48 57 59 73 66 95 61 13 79 88 19 18 21 33 11  8  8 83 13 89 63 64 53 28 17  2 77 61 73 69 23 56 78 65 85 99 52 78  8 58 51 43 52 41
 67 99 57 47 93 35 32 77 28 75 95 15 18 97 37 53 97 73 60 39 48  9 17 83 10  2 66 50 36 45 86  8 47 52 98 22 55 62 23 82 32 20 38 23 40 55 79 66 97 29
