number of jobs, number of machines, initial seed, upper bound and lower bound :
          50          10  1958948863        3025        2907
processing times :
 46 52 79 45 97 10 44 24 85 75 66 49 95 61 19 47 84 13 11 19 98  2 85 44  7 73 19 69 12 73 85 23 53 16 88  8 26 42 58 63  7  2 44 38 24 76 85 61 32 90
 61 87 51 25 73 93 28 90 94 59 64  2 16 35 53 40 81 26 85  4  4 10 63 96 55 71 66 94  7 15 11 99 37 50 56 69 22 56 67 63 96 74  4 42 40 30 93 36 25 87
  3  1 58 85 33 71 58 56 64 43 48 69 96 35 82 53 64 11 61 36 53 87 88 10 32 38 25 24 90  7 11 49  2 76 17 32 39  9 83 69 67 28 88 23 91 71  3 26 41 96
 51 24 21 57 69 51 50 51 21 19 63 91 11  6 31 63 36 39 57 47 56 65 59  4 10 12 62 43 49 54 87 29  2 18 75 39 77 69 15 78 68 37 22 41 92 67 24 87 91 31
 37 16 42 47 94 14 94 34 72 36 88 51 41 71 94 99 11 97 44 77 69 91 38 25 87  7 66 54 86 49  3 48 44 93 37 82 31 59 78 33 36  3 58 10 98  6 44 62 24 94
 79 93 68 75 37 44 34 39 76 62 74 28 78 43 98 83 91 27  6 82 60 44 43 76 99 66 11 35 52  8 40 62 25 24 30  1 73 27 16 91 33 11 99  2 60 90 36 62 15  3
 83 87 38 38 86 67 23 19 97 78 66 67  7 23 67  8 77 71 85 29 49  3 94 76 95 48  4 37 82 57 61  6 97  5 27 95 46 92 46 52  8 11  7 54 72 57 85 22 87 65
 22 29 99 25 98 55 80 82 33 68 47 74 26 61 95 55 11 42 72 14  8 98 90 36 75 69 26 24 55 98 86 30 92 94 66 47  3 41 41 47 89 28 39 80 47 57 74 38 59  5
 27 92 75 94 18 41 37 58 56 20  2 39 91 81 33 14 88 22 36 65 79 23 66  5 15 51  2 81 12 40 59 32 16 87 78 41 43 94  1 93 22 93 62 53 30 34 27 30 54 77
 24 47 39 66 41 46 24 23 68 50 93 22 64 81 94 97 54 82 11 91 23 32 26 22 12 23 34 87 59  2 38 84 62 10 11 93 57 81 10 40 62 49 90 34 11 81 51 21 39 27
number of jobs, number of machines, initial seed, upper bound and lower bound :
          50          10   575633267        2892        2821
processing times :
 12 72 18 85 42 76 13 82 35 33 76 19 94 93 64 82 60  8 66 56 40 11 12 20 61 72 52 62 85 67 67 68 18 10  1 92 66 22 95 59 79 25 43 51 69 27 33 76 12 19
 13 64  7 60 75 75 63 87 93 73  5 18 75 20 30 99 19 70 55 11 78 66 92 57 91 56  1 17 61 51  3 72 72 21  2 36 42 59 12 31 72 39 99  9 68 27 22 60 28 66
 82 52 72 81 61 36 10 62 11 46 42 32 39 44 95 10 96 55 67 86 75 58 10 65  9 22 56 34 98 82 65 68 49 98 36 51 19 68 24 35  8  9 69 73 49 29 36 10  9  1
 20 77 63 28 77 34 96 88 20 26  4 30 40 18 36 98 24 70 66 15 96 29 74 39 16 72 92  9 10 45 32  9 46 83 63 58 77 26 88 78 79 37 13 39 75 60 58  2 70  9
 91 33  5 51 30 20 26 53 91 40 52 55  9 33 32 17 77 30 37 79 68 31 17  7 19 19 62  3 99 94 62 24  2 99  7 93  1 27 20 97 81 23 75 16 21 47 68 41 54 58
 25 61 58 52 81 33 64 14 67  3 32 78 55 26 79 92 57 90 68 73 57 55 19 47 86 26 96 45  4 17  9 60 23 54 42 30 78 43 80 43  7 27 23 55 66 90 63 38 65 82
 47 77 47 57  2 77 45 69 19 70 97 61 61 15 16 82 44 17 37 51 23 67 34 45 42 23 56 59 80 18 18 67 23 41 98 48 85 29 80 43 93 28 98 73  5  6 88 36 20 24
 77 21  8 36 49 86 50 60 26  7 11 76 33 74 68 10  2 54 58 82 14  9 10 48 90 89  3 20 24 67 90 19 72 59 94 84 59 43 81 38 62 85 85 84 71 31 39 40 41 40
  6 63 56 63 75 56 22 89 29 33 46 96 52 43 60 87 46 85 84 54 74 19 82 19 58  6 85 82  2 16 75 52 13  1 43 85 73 79 91 51  1 46  3 26 15 22 18  8 20 32
  6 11 27 71  4 73 16 63 85 92 57 90 49 75 15 64 44 10 78 80 92 18 70 22 22 78  6 86 94 45 57 80 96 94  5 28 50 52 49 31 66 30 11 14 45 32 31  6 95 95
number of jobs, number of machines, initial seed, upper bound and lower bound :
          50          10   655816003        2864        2801
processing times :
 66 46 25 30 17 40 17 20 73  5 60  3 91 34 81 58 48 71 57  5  8 19 78  2  1 78  8 14 46 98 50 88 28 66 43 23 93 52  1 77 54 45 56 54 57 23 18 88 38 72
 55 63 71 21 74 65 52 91 12 22 12 26 97 30 30 12 94 46 20 73 58 10 77 27 33 53 23  2 65 35  7 54 43 87 56  4 29 35 37 53 10 90 95 85  2 36 85  5  3 45
 65 35 49  2 95 14 67  8 62 25  2 40 68 75 72  5  5 10 33 56 89 54 31  1 61 25 11  7 88 65 74 16 87 57 89 85 46 54 23 23 96 79 70 33 50 18 65 87 18 15
 57 72 48  6 10 98 55 71 19 28 31 79 69 11  4 12 71 62  2 95 35 82 57  7 24 62 70 89 87 21 54 16 72 31 24 94 18 83 36 73 67 74 75 93 16 74 70 16 81 93
 58 66  5 69 38 93 59 56 26 96 60 18 74 93 12 56 36 71 38 96 84 84 65 17 78 45 83 53 60 60  9  7 51 85 66  6  3 93 88 40 85 92 15 51 55 19 58 84  4 23
 38 23 13  1 10 76 49  2 81 43 51 71 29 44 26 27 27 56 21 76 88  9 33  6 40 64  5  5  7  5 76 63 35 94 65 25  6 87 60 33 67 81 93 98  9 94 49 27 62 90
  5 13 36 54 76 40 67 31 35 48 85 41 82 95 15 24 77  6 79 36 18 21 34 42 74 46  1 88 29 95 67 41 98 31 25 70 62 45 59 68 22 81 44 80 88 25 93 61  1 97
 26 40 84 84 74 39 65 15 71 92 44 27 93  2 55 44 55 23 25  1 51 12 47 98 41 18 44 72 88 60 29 99  2 17 79  6 29 89  4 70 10 79 64 92 42 79 56 94 26 93
 66 41 74 62 70 30 66 11 51 43 32 23 20  1 54 55 65 22 99 97 21 63 45 70 41  6 70 33 97 32 28 54 63 16 12  2 50 48 34 75 45  2 39  4 46 11 66 59 28 74
 93 95 48 71 30 22  3 22 82 35 56 14 88 41  4 52 17 95 15 85 12 11 24 71 46 59 16 33 53 22 49 44 76 88 45 52 31 66 17 68 99 78 87 45 78 51 87  4 45  9
number of jobs, number of machines, initial seed, upper bound and lower bound :
          50          10  1977864101        3064        2968
processing times :
 49 10 30 85  7 23 56 93  5 34 72 78 25 31 73 69 18 15 39  2 55 33 24 19 19 97 98 49 95 71  2 55 37 73 91 58 33 78 60 53 38 53 90 30 14 53 87 51 25 50
 76 91 51 55 32 26 37 21 58 26 19 65 52 36 89 95 51 56 21 35 90 26 83 37 59  3 44 42 57 45 36 90 71 37 69 27 13 16 32 53 59  8 98 65 50 85 78 38 55 89
 60 39 94 82 28 52 87 19 58 52 63 28 44 80 88 21 36 64 75  6 41  4  5 77 75 91 88 22  8 97 58 72 45 55 12 35 95 95 56 53 48 61 46 29 85  1 75 25 39 92
 40 56 89 53 26 38 15  3 75  4 48 86 28 51 62 46 43  1 52 19 85 37 73 25 35 79 88 29  7 18 26 63 41 20 97 80 15 47 29 46 78 16 67 44 23 47 98 97 49 65
 32  5 49 51 33 97 74 48  9 65 38 71 38 76 43  8 66 62 18 13 16 64 18 87 86 29  9 96 40 78 78 63 13 47 31 97  5 86 51 46 56 69 50 27 60 48 74 91 92 80
 17 43 13 20 41 94 18 28  8 71 82 42 90 76 62 95 74 80 33 91 35 80 79 68 97 98  3 22 52 80 32 75 78 36 46 16 36 93 39 19 95 91 49 35 93 11 93  6 96 19
 33 98 67 81 43 72 32 66 97 36 36 67  1 47 87 12 91 21  6  6  1 38 69 77  3 75 64 53 18 10 97 18 48 70 60 75 94 14 53 90 19 42 86 15 58  7 65 40 51 61
 98 90  4 39 79 76 53 77 10  2 97 31 62 28 74 60 53 74 88 11 88 92  7 80 67 27 21 43 59 30 17  4  7 21 83 44 70 30 39 35  8  6 92 39 55 34 98 47 99 16
 90 93 35 65 66 10 48 81 27 49 61 73 60 88 42 62 28 55 58 55 90 61 73  3 74 94 30 81  9 87 58 42 59 48 29 83 60 83 76 43 90 14 84 10 15 38 90 80 19 15
 75 68 39 71 31 43  5 32  6 56 56 72 23 95 50 53 27  8 18 81 57 54 99 20 10 19 18 53 73 10 74 93 22 75 84  9 27 32 51 83 70 13  1 81 13 98 58 28  3 21
number of jobs, number of machines, initial seed, upper bound and lower bound :
          50          10    93805469        2986        2908
processing times :
 16 90 63 73 57 17 29 16 94 47 24 39  2  5 75  7 74 96 94 44 63 38 22 76  2 11 71 94 77 57 45 58 16 96 41 52 57 39 74 35 52 42 82 43 47 34 96 13 33 58
 13 27 27  9 88  3 29 96 39 15 61 76 79 67  6 61 32 76 96 59 85 36 23 72 71 44 88 58 51 73 10 85 16 41 40 57 85 73  9 24 94  4 96 37 84  2 94 21  4 73
 42 21 21 90 54 64 55 93  1 36 16  7 98 20 83 77 39 63 72 47 21 98 97 86  7 81  5 56 57 15  7 85 77 14 23 10 93 57 58 31 92  6 37 77 80 41 18 68 81 41
 37 43 87 77 39 35 49 66 35  2 38 73 28 97 20 46 85 53 78 73 72 82 59 24  6 94 67 66 30 33 32 51 38  8 82 63 77 73 66 65 75 17 22 34  3  8 87 50 76 16
 68  3 58 57 49 13 72 13 13  5 88 38 82 41 61 85 81 53 65 89 50 78 38 82 38 38 85 55 64 47 87 66  5 16 48 29 67 72  5 79 30 64  3 80 11 99 32 25 84 12
 24  1 57 86 35  9 55  8 93 11 39 10 84 80 59 37 80 69 13 19 25 92 45 14 73 85 75 96 33 17 76 96  4 16  9 66 46 64  3 93 74 29 68 38 86 90 50 11 64  4
 51 57 82 47 82 14 79 57 88 79 22 72 58 78 18 48 72 38 71 82 61 73 50 56 95 16  6  7 86 21 27 44 64 32 46 37 39 96 44 70 41 56 44 27 41 66 87 42  7 54
  8 54 15 47 73 33 73 35 45 75 83 12 59 95 96 75 62 44 43 30 47 36 65 85  1 71 13 54  2 82 16 15 14 49 68 28 87 85 90 17 54 59 25 23 60 60 68 70 80  4
 59 85 73 87 87 89 48 57 59 73 66 95 61 13 79 88 19 18 21 33 11  8  8 83 13 89 63 64 53 28 17  2 77 61 73 69 23 56 78 65 85 99 52 78  8 58 51 43 52 41
 67 99 57 47 93 35 32 77 28 75 95 15 18 97 37 53 97 73 60 39 48  9 17 83 10  2 66 50 36 45 86  8 47 52 98 22 55 62 23 82 32 20 38 23 40 55 79 66 97 29
number of jobs, number of machines, initial seed, upper bound and lower bound :
          50          10  1803345551        3006        2941
processing times :
 65  4 10 87 31 52 35 89 28 45 24 68 94 71 70  2 83 85 97 65 64 38 54 26 40 75 59 38 40 89 64 84 47 62 74 38 79 57  8 46 27 28 62 34 18 63 74 26 28 78
 55 99 12 40  7  8 14 68  4 63 27 61 65  7 14 16  3 31 56 67 74 59 81 43 57 11 32 21 73 75 46 34 50 47 22 81 42  4 49 24 54 29 87 38 19 65 23 77 71 90
 87 72 33 50 77 83 89 90 26 93  8 86 39 13 59 99 98 76 52 43 79 64  4 19 45 80 15 43 37 49 36 33 83 28 46 71 59 15 50 53 51 56 76 48 11 35 88 59 51 13
 38 19 37 75  8 63 91 38 92 25 19 42 89 80 11 84 33 42 51 18 56 83 49 14  1 23 72 24 63 15 33 93  5 78 33 91 56 99 29 15 54 46  2 90 96 93  3 53 97 51
 38 90 23 59 15 72 63 48 94 12 63 46 60 72 33 50 25 14 20 50 32 87 42 70 92 10 75 57 30 45 91 20 32  9 72 11  5 17 66 17 92 10 93 36 40 74 99 86 29 70
 22 63 63 38 53 73 37 68 38 10 74 27 84 65 40 97 82 98 50 23 66 56 30 27 36 19 28 66 70 79 21 26 81 61 19 91 43 34 85 73 82 15 65 42 48 28 25 84 37 88
 34 88  4 98 83 76 89 22 23 70 69 30 11 89 79 29 52 68 14 99  4  3  4 33 98 44 34 13 78 15 25 35 16 37 69 82 13 51 48 53 13 46 39  1 72 28 20 90 84 38
 99 59  6 45  6 27 31 95 91 94 21 72 65 41  9 56 33 98 11 51  7 94 43 47 77 89 53 34 79 85  4 12 99 80 42 89 85 46  4 58 17 98 71 81 26 80 70 49 24 41
 81 51 80 55 52 64  2 59 88 11 68 16 75 94 43 23  5 53 76 60 51 96 50 38 28  8 70 51 77 83 71 41 60 25 38 97 13  5 58 22 17 51 52 15  1 99 62 72 45 90
 50 99 94  1 73 58  1  8 41 97 67  1 58 73 62  9 88  6 34  5 59 16 13 80 54 96 48 72 96 91 49 92  3 45 28 37 51 96 88 83 24 58 21 25 12 85 58 48 37  3
number of jobs, number of machines, initial seed, upper bound and lower bound :
          50          10    49612559        3107        3062
processing times :
 29 28 63 73 99 55 79 82  2 45 45 41 26 87 52 10 42 72 59 45 54 71 44 49 78  7 57 10 63 73 91 22 63 98 92 91 28 86 76 36 29  5 77 81 73 65 72 61 32 61
 39 38 12 83 98 31 37 48 59 28 91 88 51 62 99 43  7 10 77 35 28 98 17 75 82 89 48 60 26 52 65 10 27 25  6 96 16 57 98 38 66 91 70 83 49  7 54 25  6 87
 19  6 72 73 43  3 47 34 28 32  7 29 89 84 33 95 64  9 44 23 45 68 88 96 56 43 11 95 94 99 56  3  2 23 75 17 46 83 98 30 23 77 12 12 15 70 78 13 22 90
 98 38 80 84 28 15 46 67 78 39 85 93 22 22 36 67  7 83 78 68 75  7 65 23 32 13 38 51 79 50 25 83  6 16 36 16 43 66 79 40  8 71 77 31 83 31 76  9 45 76
 20 79 35 67 65 20 30 23 85 55 32 45 94 84 48 56 46 90 73  2  8 62 49 86 97 34  2 19 66 23  1 26 47 10 75 39 18 57 95 70 11 42  9 61 81 75 94 31 48 88
 58 44 53 11 92 50 37 57 14 64 63 16  9 97 86 87 77 20 60 83 72 29  3 27 33  3 41 61 63 52 69 97 45  4 72 19 66 35 43 72 28 46 73 12 74 41 59 42 47 23
 59 66 35 61 70 17 98 40 46 88 93 11 33 65 15 67 41  1 90  8 16 12 86 71 53 13 32 64 53 51 58 95  6 93 47 22 83  4 17 17 86 16 59 43  1 18 87 27 94 57
 59 60 72 54 97 71 43 92 71 53 28 97 55 91 33 12 12 36 73 78  7  3  4 87 84 16 12 84  2 34  9 98 83 98 70  3 76 16 49 27 20 24 61 48 49 34 97 92 62 81
 76 72 23 74 99 74 71 27 81 75 47 90 17 59 91 27 69 29 79 95 20 88 54 46 46 82 50 10 53 69 25  2 29 51 12 65 85 48 73  1  4 46 80 72 96 47 22  9 90 58
 77 34 66  3 52  3 51 89 78 62 40  8 32 37 14 80 10 43 87 27 85 36 11 27  9 16 57 87 58 25 52 92 67  1 69 37 93 20 21 53 37 98 68 74  7 64 24 85 31 51
number of jobs, number of machines, initial seed, upper bound and lower bound :
          50          10  1899802599        3039        2959
processing times :
 56 78 92 66 30 26 16 48 30 97 54 62 23 43 21 98 19 17 80 56 32 86 85 88 77 15 48 11 33 72 69 74 48 50 41 88 50 13 74 16 91 40 59 28 61 34  7 22 63 69
 13 78  8 69 42 11 70 21 53 88  2 69 37 78 69 97 53 51 31 76  3 20 32 29 36 34 89 43 48 68 52 39 12 50 48 50 73 99 10 89 13 85 50 52 39 60 89 91 76 28
 24 79 83 40 97 36 61 48 24 71 75  2 26 13 68 32 58 84 19 10  6 79 69 37 13 35 97 45 72 80 24 30 89 72 85 17 35 13 80 50  4 60 55 82  5 93 38 75 40 46
 36 31 87 52 20 86 70 78 99 76 56 71 45 10 34 81 77 92 34 35  5 28 73 65 71 47 98  7 42 71 54  7 90 14 15 63 19 90 72 66 58 60 66 11 83  9 85 68 79 94
 39 33  9 67 41 61 17 76 31 39 25  9 69 75 42 53 26 29 15 41 32 24 63 23 95 88 40 25 12 12  9 69 28 78  1 23 79 25 15 18  3 80 41 15 94 96  6 52 59 51
 26 37 18 42 47 26 30 62 41 59 14 96 31 19 22 80 57 88 73 94 49  7 33 56 81 38 13 14 62 58  5  9 91 16 38  7 94 43 66 94 54 12 34 80  6 72 40 38 36 86
 67 44 73 89 53 57 60 52 42 80 42 45 37 73 44 73  5 78 89 20 94 82 42 31  1  9  5 51 21 31 54  1  3  4 58 30 10 55  6 23 29 63 71 91 94 68 46 12 89 50
 73 48 89 44 56 87 89 72 67 65 97 45  2 68 39  6 24 88 96 17 11 67 81 99 22 26  1 23 41 38 36 50 59 92 55 78 77 25 25 20 87 32 12 52 33 90 81 40 67 84
 53 81 50  4 36 76 10  8 17 28  3 80 14  6 32 20 17 67 67 52 39 93 46 76 78 87 16 19 82 80 28 97 60  8 40 44 72 97 10  4 15 95  4 63 68 28 50 31 38 65
 97 80 16 40 45 64 36 44 98 82 66 69 44 55 68 84 77 77 28 45  9 23 23 28 19 91 75  6 60 12 61 35 81 51 94 57 65  5 26 34 61 63 72 14 43  3 94 54 13 89
number of jobs, number of machines, initial seed, upper bound and lower bound :
          50          10  2013025619        2902        2795
processing times :
 68 40 43 72 87 59 67 89 84 43 92 90 23 20 97 57 33  7 69 56 16 41  7 74 54 67 15 85 83 42 29 64  3  9 35 24 72 70 47 78 60 11 60  5 24 52 39 14 65 99
 69 96 54 37 35 19 10 88 61 95 18 49 69 86 28  6 40 88 94 78 43 31 54 80 11 27  3 32  2 49 27 81 18 83 84 49 64 20 52 42 51 66 95 18 37 70 22 87 67 15
  1 37 91 59  2 44 29 37 30 20 19 79 41 79 49 21 97 86 15 57 76 14 57 80 93 31 66 30 82 11 71 94 35 71 76 76 26 31 58 31 98 26 92 11 72 46 20 38 57  5
 19 65 35 89 41 15 99 19 74 63 92 29 47 80  7 43 89  9 99 38 76 52 48 55 17 63 92 77 31 44 76 18  7 40 47 73 41 70 86  8 63 77 91 24 19 63 72 17 46 66
 10 76 75 29 10 86 62 26  1 62 89  2 62 96 99 91 85 42  7  4 23 74 83 41 63 99 55 37 23  1 84 46 31 93 79 32 71 60 42 24 51 98 64 85 31 11 95 58 57 28
 76 40 96 54 91 90 41 72 37 38 64 98 36 20  3 41 93 44  3 19 66 55 66 68  1  5 59 64  1  5 11 46 10 56 25 95 12 48 11 45 25 62 12 67 17 59 30 73 34 27
 50 87 77 88 80 75 41 84 24 27 52 73 75 23 52 97 40 50 95 34  2 76 26 48 16 20 86 62 54 50 26  4  4 59 24 14 49 35 78 77 72 10 87 24 26 46 40 86 40  8
 39 11 96 74 22 22 50  6 95 83 70  1  8 94 65 70 61 80 82 23 51 92 25 23 40 69 42 13 17 27 74  7 25 73 81 84 40 28 86 17 66 33 20 84 23 73 25 87  2 15
 77 30 88 21 29 12  2 95 24 20 66 82 45  4 22 81 56 85  3 82 94 72 96 55  3 63 65 20  4 95 20 57 38 46 76 10 79  7 12 60 85 73 18 75 77 71 83 63 52 66
 30 71 57 83 34 31 11 50 22  7 82 34  5 62  3 68 35 79 10 60 67 10 87 25 24  4 36 44 22  8 49 97  8  9 18 34 54 42 70 59  8 29  6 42 33 67  7 64  7 60
number of jobs, number of machines, initial seed, upper bound and lower bound :
          50          10   578962478        3091        3046
processing times :
 18 77 73 91 96 10 58 70 42 21 11 88 91 78 70 53 51 96 27 47 30 37 63 61 73 80  5 82 49 11 79 78 57 47 91 92 94 33 52 12 37 47 39  4 50 90 58 46 14 84
 97 49 33 48 68 36 66  6 54 16  7 35 64 18  8 61 41 65 71 34 35 92 70 65 76 71 81 32 27 95 49 51 65 17 91 23 17 19 28 70 67 40 81 54 52 38  6  8 31 98
 14 17 31 37 85 84  7 54 40 95 97 44  4 46 10 63 76 23 95 73 78 46 40 34 92 42 56  4 63 93 72 63 62 30 91 96 53 19 40 14 16 66 54 54 64 86 31 99 10  2
 74 29 77 14 30 14 48  1  4 71 54 30 42 43 33 32 12 68  8 82 27 59 20 60 76 44 29 68 24 46 94 79 68 49 85 87 17 99 76 81 52 24 57  8 36 67 57 66  5 69
 75 43 70 11 64 88 94  9 29 58 90 78 63 34 71 49 69 97 10 43 22 16 31 22 62 14 11 46 85 59 73 22 70 52 70 45 45 37  2 90  2 40 70 93 44 71 83 13  3 99
 27 98 62 17 35 71 94 58 77 29 61 41 47  2 16 41 59 27 18 33  1 99  3 15 45 82 20 11 90 65 73 71 26 97 50 43  7 78 27 50 70 65 96 27 66 18 96 66 82 23
 69 28 95 38 89 19  6 52 70  4 81  1 36 30 13 90 30 66 28 36 38 48 97 56 92 93 81 24 38 39 33  7 75 43 92 44 35  2 96 28 13 67 61 71 20 54 53 75 58 74
 65 21 60 72  4 85 47 80 71 26 73 36 38 13 66 82  2 76 29 90 36 32 84 78 94 45 14 72  3 18 58 87 30 73 71  5 77 60  6 61 23 29  2 67 69 38 37 80 51 34
 89 41 16  7 84 53 56 71 40 17 33  3 51 76  2 63 84 55  3 82 46 58 24 57 59 86 39 55 69 36 98 82 44 70 67 74 61 38 87 35 37 98 26 49 12 52 49 92 43 75
 83  3 99 87 60 92 75 53 30 59 95 85 63 21 78 72 87 52 39 93 22 82 21 65 81 59 73 74 33 53 47 69 11 31 69 67  3 21 29 28 45  2 53 36  5 79 76 32 87  4
